{
 "cells": [
  {
   "cell_type": "markdown",
   "metadata": {},
   "source": [
    "### Model inspired by:\n",
    "- [1] Offshore Pipelaying Dynamics. Gullik Anthon Jensen \n",
    "- [2] Modelling and Control of Offshore Marine Pipeline during Pipelay. Gullik A. Jensen et al"
   ]
  },
  {
   "cell_type": "markdown",
   "metadata": {},
   "source": [
    "### Motion equation used:\n",
    "M(q)q ̈ + C(q,q ̇)q ̇ + H(q,q ̇)q ̇ + f(q) + g(q) = τ"
   ]
  },
  {
   "cell_type": "markdown",
   "metadata": {},
   "source": [
    "### Implementation aspects:"
   ]
  },
  {
   "cell_type": "markdown",
   "metadata": {},
   "source": [
    "- This implementation is more like pseudo steady-state finite difference method (i.e. the model can be applied to normal dynamic pipelay condition as a rough estimate)"
   ]
  },
  {
   "cell_type": "code",
   "execution_count": 1,
   "metadata": {},
   "outputs": [],
   "source": [
    "import numpy as np\n",
    "import math\n",
    "from scipy.integrate import odeint, ode, solve_ivp\n",
    "from scipy.integrate import ode\n",
    "from scipy.misc import derivative\n",
    "from numpy.linalg import inv, pinv\n",
    "import numdifftools as nd\n",
    "import tqdm\n",
    "import functools\n",
    "from datetime import datetime\n",
    "from scipy.optimize import fsolve\n",
    "from scipy.linalg import lu_factor, lu_solve\n",
    "from scipy.sparse.linalg import gmres"
   ]
  },
  {
   "cell_type": "code",
   "execution_count": 2,
   "metadata": {},
   "outputs": [],
   "source": [
    "%matplotlib inline"
   ]
  },
  {
   "cell_type": "code",
   "execution_count": 3,
   "metadata": {},
   "outputs": [],
   "source": [
    "import matplotlib.pyplot as plt"
   ]
  },
  {
   "cell_type": "markdown",
   "metadata": {},
   "source": [
    "### Modelling data:"
   ]
  },
  {
   "cell_type": "code",
   "execution_count": 4,
   "metadata": {},
   "outputs": [],
   "source": [
    "N = 16  # Number of simulation nodes"
   ]
  },
  {
   "cell_type": "code",
   "execution_count": 5,
   "metadata": {},
   "outputs": [],
   "source": [
    "pipe_weight_per_unit_length = 59 #  (submerged) [kg/m]  "
   ]
  },
  {
   "cell_type": "code",
   "execution_count": 6,
   "metadata": {},
   "outputs": [],
   "source": [
    "h = 40 # water depth, [m]"
   ]
  },
  {
   "cell_type": "code",
   "execution_count": 7,
   "metadata": {},
   "outputs": [],
   "source": [
    "dq = np.zeros(N) #  these numbers are used for in itial checks only and redefined below"
   ]
  },
  {
   "cell_type": "code",
   "execution_count": 8,
   "metadata": {},
   "outputs": [],
   "source": [
    "# Catenary"
   ]
  },
  {
   "cell_type": "code",
   "execution_count": 9,
   "metadata": {},
   "outputs": [],
   "source": [
    "Ws = pipe_weight_per_unit_length*9.81 # [N/m]"
   ]
  },
  {
   "cell_type": "code",
   "execution_count": 10,
   "metadata": {},
   "outputs": [],
   "source": [
    "def catenary(x,Ws,Fh):\n",
    "    return (Fh/Ws)*(np.cosh(x*Ws/Fh)-1)"
   ]
  },
  {
   "cell_type": "code",
   "execution_count": 11,
   "metadata": {},
   "outputs": [],
   "source": [
    "# Note:\n",
    "# steady_state_factor, assume accelerations to be small, i.e. normal dynamic pipelay condition;\n",
    "# the closer the steady_state_factor to unity, the higher the acceleration"
   ]
  },
  {
   "cell_type": "code",
   "execution_count": 12,
   "metadata": {},
   "outputs": [],
   "source": [
    "steady_state_factor = 1000"
   ]
  },
  {
   "cell_type": "code",
   "execution_count": 13,
   "metadata": {},
   "outputs": [],
   "source": [
    "Fx_0 = 604.76664*1000 # [N] (check catenary calculation script) \n",
    "Fx_ = 552.96894*1000 # [N] (check catenary calculation script) "
   ]
  },
  {
   "cell_type": "code",
   "execution_count": 14,
   "metadata": {},
   "outputs": [],
   "source": [
    "LTD = 255.21207 # [m] (check catenary calculation script) "
   ]
  },
  {
   "cell_type": "code",
   "execution_count": 15,
   "metadata": {},
   "outputs": [],
   "source": [
    "freeSpan=2*(Fx_0/Ws)*(np.sinh(LTD*Ws/(2*Fx_0)))"
   ]
  },
  {
   "cell_type": "code",
   "execution_count": 16,
   "metadata": {},
   "outputs": [
    {
     "data": {
      "text/plain": [
       "255.84693682223448"
      ]
     },
     "execution_count": 16,
     "metadata": {},
     "output_type": "execute_result"
    }
   ],
   "source": [
    "freeSpan"
   ]
  },
  {
   "cell_type": "code",
   "execution_count": 17,
   "metadata": {},
   "outputs": [],
   "source": [
    "delta_x = freeSpan/(N-1)"
   ]
  },
  {
   "cell_type": "code",
   "execution_count": 18,
   "metadata": {},
   "outputs": [],
   "source": [
    "x0 = [i*delta_x for i in range(N+1)]\n",
    "y0 = []\n",
    "for i in range(len(x0)):\n",
    "    y0.append(catenary(x0[i],Ws,Fx_))"
   ]
  },
  {
   "cell_type": "code",
   "execution_count": 19,
   "metadata": {},
   "outputs": [],
   "source": [
    "q=[]\n",
    "l=[]\n",
    "rad_=[0]\n",
    "\n",
    "for i in range(len(x0)-1):\n",
    "    l.append(np.sqrt((x0[i+1]-x0[i])**2+(y0[i+1]-y0[i])**2))\n",
    "    rad =math.atan((y0[i+1]-y0[i])/(x0[i+1]-x0[i]))\n",
    "    q.append(rad-rad_[-1]) \n",
    "    rad_.append(rad)"
   ]
  },
  {
   "cell_type": "code",
   "execution_count": 20,
   "metadata": {},
   "outputs": [
    {
     "data": {
      "text/plain": [
       "[17.057142021190536,\n",
       " 17.062578877064297,\n",
       " 17.073454321591207,\n",
       " 17.08977182088281,\n",
       " 17.11153657548862,\n",
       " 17.13875552205497,\n",
       " 17.17143733553809,\n",
       " 17.209592431971313,\n",
       " 17.25323297178786,\n",
       " 17.30237286370001,\n",
       " 17.357027769135883,\n",
       " 17.417215107235165,\n",
       " 17.482954060405596,\n",
       " 17.55426558044178,\n",
       " 17.631172395207944,\n",
       " 17.713699015887446]"
      ]
     },
     "execution_count": 20,
     "metadata": {},
     "output_type": "execute_result"
    }
   ],
   "source": [
    "l"
   ]
  },
  {
   "cell_type": "code",
   "execution_count": null,
   "metadata": {},
   "outputs": [],
   "source": []
  },
  {
   "cell_type": "code",
   "execution_count": 21,
   "metadata": {},
   "outputs": [],
   "source": [
    "pipe_joint_length = l[0]  # [m]\n",
    "mn = 39_989_000 # mass of the vessel, [kg]\n",
    "mn *= 9.81 # [N]"
   ]
  },
  {
   "cell_type": "code",
   "execution_count": 22,
   "metadata": {},
   "outputs": [],
   "source": [
    "# L - the hull length\n",
    "# Xg - x-center of gravity\n",
    "\n",
    "L = 169 # [m]\n",
    "Xg = 78 # [m]"
   ]
  },
  {
   "cell_type": "code",
   "execution_count": 23,
   "metadata": {},
   "outputs": [],
   "source": [
    "# Fossen book p.181\n",
    "def vessel_inertia_moment(mn, Xg, L):\n",
    "    r = 0.25*L\n",
    "    Ir = mn*r**2\n",
    "    Iz = mn*Xg**2 + Ir\n",
    "    return Iz"
   ]
  },
  {
   "cell_type": "code",
   "execution_count": 24,
   "metadata": {},
   "outputs": [],
   "source": [
    "In = vessel_inertia_moment(mn, Xg, L)"
   ]
  },
  {
   "cell_type": "code",
   "execution_count": 25,
   "metadata": {},
   "outputs": [
    {
     "data": {
      "text/plain": [
       "3086970974465.625"
      ]
     },
     "execution_count": 25,
     "metadata": {},
     "output_type": "execute_result"
    }
   ],
   "source": [
    "In"
   ]
  },
  {
   "cell_type": "code",
   "execution_count": null,
   "metadata": {},
   "outputs": [],
   "source": []
  },
  {
   "cell_type": "code",
   "execution_count": 26,
   "metadata": {},
   "outputs": [],
   "source": [
    "mi = [x*pipe_weight_per_unit_length for x in l] # mass of pipe element (submerged), [kg]"
   ]
  },
  {
   "cell_type": "code",
   "execution_count": 27,
   "metadata": {},
   "outputs": [],
   "source": [
    "# for hydrodynamic damping matrix\n",
    "Cd=[0.87 for x in range(N)] # Drag coefficient\n",
    "Cd[-1] = 1.6 "
   ]
  },
  {
   "cell_type": "code",
   "execution_count": 28,
   "metadata": {},
   "outputs": [],
   "source": [
    "# Pipe\n",
    "qw = 1025 # Water density [kg/m3]\n",
    "d0 = 0.508 # Outer diameter of pipe, [m]\n",
    "dI= (508-22.1*2)/1000 # Inner diameter of pipe, [m]"
   ]
  },
  {
   "cell_type": "code",
   "execution_count": 29,
   "metadata": {},
   "outputs": [],
   "source": [
    "# for vector of spring forces in the pipe joints\n",
    "E = 207e9 # modulus of elasticity of steel, [N/m^2]\n",
    "EI = E*3.14/64*(d0**4-dI**4) # Bending stiffness [N*m^2]"
   ]
  },
  {
   "cell_type": "code",
   "execution_count": 30,
   "metadata": {},
   "outputs": [],
   "source": [
    "K = EI"
   ]
  },
  {
   "cell_type": "code",
   "execution_count": 31,
   "metadata": {},
   "outputs": [
    {
     "data": {
      "text/plain": [
       "206414622.87219036"
      ]
     },
     "execution_count": 31,
     "metadata": {},
     "output_type": "execute_result"
    }
   ],
   "source": [
    "K"
   ]
  },
  {
   "cell_type": "code",
   "execution_count": null,
   "metadata": {},
   "outputs": [],
   "source": []
  },
  {
   "cell_type": "code",
   "execution_count": 32,
   "metadata": {},
   "outputs": [],
   "source": [
    "# for vector of control inputs (to control S-lay shape, can be adjusted for a certain stinger angle)\n",
    "tau_qn = -6e6 # tension in pipe at water level, [N] "
   ]
  },
  {
   "cell_type": "code",
   "execution_count": 33,
   "metadata": {},
   "outputs": [],
   "source": [
    "# Time integration params:\n",
    "max_t = 600\n",
    "dt = 0.5\n",
    "t = np.arange(0,max_t,dt)\n",
    "DP_start = 10\n",
    "X_REF = 0"
   ]
  },
  {
   "cell_type": "code",
   "execution_count": 34,
   "metadata": {},
   "outputs": [],
   "source": [
    "Awp = 6000 # the waterplane area of the vessel, [m^2]\n",
    "fip = 1e12"
   ]
  },
  {
   "cell_type": "code",
   "execution_count": 35,
   "metadata": {},
   "outputs": [],
   "source": [
    "kp = 2.95e4\n",
    "kd = 2.5e4"
   ]
  },
  {
   "cell_type": "markdown",
   "metadata": {},
   "source": [
    "### System inertia matrix "
   ]
  },
  {
   "cell_type": "code",
   "execution_count": 36,
   "metadata": {},
   "outputs": [],
   "source": [
    "def alpha(q):\n",
    "    sum_=0\n",
    "    ans=[]\n",
    "    for i in range(len(q)):\n",
    "        sum_+=q[i]\n",
    "        ans.append(sum_)\n",
    "    return np.array(ans)"
   ]
  },
  {
   "cell_type": "code",
   "execution_count": 37,
   "metadata": {},
   "outputs": [],
   "source": [
    "def Jv(q, i, l):\n",
    "    alp=alpha(q)\n",
    "    def Jv0(i, k, alp, l):\n",
    "        \n",
    "        if k<i:\n",
    "            tmp1=np.dot(np.array(l[k:i]),np.sin(alp[k:i]))\n",
    "            tmp1=-tmp1-0.5*l[i]*np.sin(alp[i])\n",
    "            \n",
    "            tmp2 =np.dot(np.array(l[k:i]),np.cos(alp[k:i]))\n",
    "            tmp2=tmp2+0.5*l[i]*np.cos(alp[i])\n",
    "                        \n",
    "            return np.array([tmp1, tmp2]).T\n",
    "        elif k==i:\n",
    "            return np.array([-0.5*l[i]*np.sin(alp[i]),\n",
    "                    0.5*l[i]*np.cos(alp[i])]).T\n",
    "        else:\n",
    "            return np.array([0, 0]).T                 \n",
    "    \n",
    "    ans=np.array([Jv0(i, k, alp, l) for k in range(len(q))])\n",
    "    \n",
    "    return ans.T"
   ]
  },
  {
   "cell_type": "code",
   "execution_count": 38,
   "metadata": {},
   "outputs": [
    {
     "data": {
      "text/plain": [
       "array([[-0.98984601, -0.83758814, -0.380766  ,  0.        ,  0.        ,\n",
       "         0.        ,  0.        ,  0.        ,  0.        ,  0.        ,\n",
       "         0.        ,  0.        ,  0.        ,  0.        ,  0.        ,\n",
       "         0.        ],\n",
       "       [42.64115614, 25.58469368,  8.52823123,  0.        ,  0.        ,\n",
       "         0.        ,  0.        ,  0.        ,  0.        ,  0.        ,\n",
       "         0.        ,  0.        ,  0.        ,  0.        ,  0.        ,\n",
       "         0.        ]])"
      ]
     },
     "execution_count": 38,
     "metadata": {},
     "output_type": "execute_result"
    }
   ],
   "source": [
    "Jv(q, 2, l)"
   ]
  },
  {
   "cell_type": "code",
   "execution_count": 39,
   "metadata": {},
   "outputs": [],
   "source": [
    "def Jomega(i,q):\n",
    "\n",
    "    def Jomega0(i,k):\n",
    "        if k<=i:\n",
    "            return 1\n",
    "        return 0\n",
    "    ans=np.array([Jomega0(i, k) for k in range(len(q))])\n",
    "   \n",
    "    return ans.reshape(len(q),1).T"
   ]
  },
  {
   "cell_type": "code",
   "execution_count": 40,
   "metadata": {},
   "outputs": [],
   "source": [
    "def M(q, l, mn, In, mi):\n",
    "  \n",
    "    sum1 = mn * np.dot(Jv( q, len(q)-1, l).T, Jv(q, len(q)-1, l))\n",
    "    \n",
    "    sum2 = In * np.dot(Jomega(len(q)-1,q).T, Jomega(len(q)-1,q))\n",
    "\n",
    "    sum3 = 0\n",
    "    \n",
    "    for i in range(len(q)-1):\n",
    "        J_v = Jv(q, i, l)\n",
    "        sum3+=mi[i]*np.dot(J_v.T, J_v)\n",
    "      \n",
    "    return (sum1 + sum2 + sum3)*steady_state_factor  "
   ]
  },
  {
   "cell_type": "code",
   "execution_count": 41,
   "metadata": {},
   "outputs": [
    {
     "data": {
      "text/plain": [
       "array([[3.10390394e+16, 2.92678400e+16, 2.74922377e+16, 2.57122308e+16,\n",
       "        2.39278161e+16, 2.21389889e+16, 2.03457432e+16, 1.85480716e+16,\n",
       "        1.67459652e+16, 1.49394138e+16, 1.31284057e+16, 1.13129279e+16,\n",
       "        9.49296594e+15, 7.66850381e+15, 5.83952420e+15, 4.00600835e+15],\n",
       "       [2.92678400e+16, 2.76107806e+16, 2.59493364e+16, 2.42835055e+16,\n",
       "        2.26132847e+16, 2.09386693e+16, 1.92596534e+16, 1.75762295e+16,\n",
       "        1.58883889e+16, 1.41961215e+16, 1.24994154e+16, 1.07982579e+16,\n",
       "        9.09263431e+15, 7.38252893e+15, 5.66792446e+15, 3.94880221e+15],\n",
       "       [2.74922377e+16, 2.59493364e+16, 2.44021048e+16, 2.28505408e+16,\n",
       "        2.12946413e+16, 1.97344016e+16, 1.81698159e+16, 1.66008769e+16,\n",
       "        1.50275758e+16, 1.34499027e+16, 1.18678460e+16, 1.02813929e+16,\n",
       "        8.69052913e+15, 7.09523908e+15, 5.49550569e+15, 3.89131049e+15],\n",
       "       [2.57122308e+16, 2.42835055e+16, 2.28505408e+16, 2.14133348e+16,\n",
       "        1.99718840e+16, 1.85261840e+16, 1.70762291e+16, 1.56220120e+16,\n",
       "        1.41635243e+16, 1.27007561e+16, 1.12336962e+16, 9.76233198e+15,\n",
       "        8.28664957e+15, 6.80663364e+15, 5.32226749e+15, 3.83353305e+15],\n",
       "       [2.39278161e+16, 2.26132847e+16, 2.12946413e+16, 1.99718840e+16,\n",
       "        1.86450096e+16, 1.73140134e+16, 1.59788899e+16, 1.46396321e+16,\n",
       "        1.32962317e+16, 1.19486793e+16, 1.05969639e+16, 9.24107338e+15,\n",
       "        7.88099421e+15, 6.51671155e+15, 5.14820921e+15, 3.77546968e+15],\n",
       "       [2.21389889e+16, 2.09386693e+16, 1.97344016e+16, 1.85261840e+16,\n",
       "        1.73140134e+16, 1.60978853e+16, 1.48777941e+16, 1.36537331e+16,\n",
       "        1.24256945e+16, 1.11936690e+16, 9.95764632e+15, 8.71761465e+15,\n",
       "        7.47356107e+15, 6.22547134e+15, 4.97332993e+15, 3.71712004e+15],\n",
       "       [2.03457432e+16, 1.92596534e+16, 1.81698159e+16, 1.70762291e+16,\n",
       "        1.59788899e+16, 1.48777941e+16, 1.37729364e+16, 1.26643102e+16,\n",
       "        1.15519080e+16, 1.04357212e+16, 9.31573972e+15, 8.19195264e+15,\n",
       "        7.06434761e+15, 5.93291113e+15, 4.79762849e+15, 3.65848374e+15],\n",
       "       [1.85480716e+16, 1.75762295e+16, 1.66008769e+16, 1.56220120e+16,\n",
       "        1.46396321e+16, 1.36537331e+16, 1.26643102e+16, 1.16713571e+16,\n",
       "        1.06748666e+16, 9.67483049e+15, 8.67123958e+15, 7.66408348e+15,\n",
       "        6.65335071e+15, 5.63902861e+15, 4.62110343e+15, 3.59956026e+15],\n",
       "       [1.67459652e+16, 1.58883889e+16, 1.50275758e+16, 1.41635243e+16,\n",
       "        1.32962317e+16, 1.24256945e+16, 1.15519080e+16, 1.06748666e+16,\n",
       "        9.79456345e+15, 8.91099096e+15, 8.02414053e+15, 7.13400263e+15,\n",
       "        6.24056668e+15, 5.34382105e+15, 4.44375307e+15, 3.54034903e+15],\n",
       "       [1.49394138e+16, 1.41961215e+16, 1.34499027e+16, 1.27007561e+16,\n",
       "        1.19486793e+16, 1.11936690e+16, 1.04357212e+16, 9.67483049e+15,\n",
       "        8.91099096e+15, 8.14419556e+15, 7.37443641e+15, 6.60170483e+15,\n",
       "        5.82599129e+15, 5.04728530e+15, 4.26557544e+15, 3.48084934e+15],\n",
       "       [1.31284057e+16, 1.24994154e+16, 1.18678460e+16, 1.12336962e+16,\n",
       "        1.05969639e+16, 9.95764632e+15, 9.31573972e+15, 8.67123958e+15,\n",
       "        8.02414053e+15, 7.37443641e+15, 6.72212018e+15, 6.06718410e+15,\n",
       "        5.40961969e+15, 4.74941778e+15, 4.08656831e+15, 3.42106043e+15],\n",
       "       [1.13129279e+16, 1.07982579e+16, 1.02813929e+16, 9.76233198e+15,\n",
       "        9.24107338e+15, 8.71761465e+15, 8.19195264e+15, 7.66408348e+15,\n",
       "        7.13400263e+15, 6.60170483e+15, 6.06718410e+15, 5.53043376e+15,\n",
       "        4.99144651e+15, 4.45021449e+15, 3.90672920e+15, 3.36098142e+15],\n",
       "       [9.49296594e+15, 9.09263431e+15, 8.69052913e+15, 8.28664957e+15,\n",
       "        7.88099421e+15, 7.47356107e+15, 7.06434761e+15, 6.65335071e+15,\n",
       "        6.24056668e+15, 5.82599129e+15, 5.40961969e+15, 4.99144651e+15,\n",
       "        4.57146577e+15, 4.14967101e+15, 3.72605533e+15, 3.30061136e+15],\n",
       "       [7.66850381e+15, 7.38252893e+15, 7.09523908e+15, 6.80663364e+15,\n",
       "        6.51671155e+15, 6.22547134e+15, 5.93291113e+15, 5.63902861e+15,\n",
       "        5.34382105e+15, 5.04728530e+15, 4.74941778e+15, 4.45021449e+15,\n",
       "        4.14967101e+15, 3.84778248e+15, 3.54454369e+15, 3.23994920e+15],\n",
       "       [5.83952420e+15, 5.66792446e+15, 5.49550569e+15, 5.32226749e+15,\n",
       "        5.14820921e+15, 4.97332993e+15, 4.79762849e+15, 4.62110343e+15,\n",
       "        4.44375307e+15, 4.26557544e+15, 4.08656831e+15, 3.90672920e+15,\n",
       "        3.72605533e+15, 3.54454369e+15, 3.36219100e+15, 3.17899377e+15],\n",
       "       [4.00600835e+15, 3.94880221e+15, 3.89131049e+15, 3.83353305e+15,\n",
       "        3.77546968e+15, 3.71712004e+15, 3.65848374e+15, 3.59956026e+15,\n",
       "        3.54034903e+15, 3.48084934e+15, 3.42106043e+15, 3.36098142e+15,\n",
       "        3.30061136e+15, 3.23994920e+15, 3.17899377e+15, 3.11774385e+15]])"
      ]
     },
     "execution_count": 41,
     "metadata": {},
     "output_type": "execute_result"
    }
   ],
   "source": [
    "M(q, l, mn, In, mi)"
   ]
  },
  {
   "cell_type": "code",
   "execution_count": null,
   "metadata": {},
   "outputs": [],
   "source": []
  },
  {
   "cell_type": "markdown",
   "metadata": {},
   "source": [
    "### Coriolis-centripetal matrix"
   ]
  },
  {
   "cell_type": "code",
   "execution_count": 42,
   "metadata": {},
   "outputs": [],
   "source": [
    "def C(q, dq, l, mn, In, mi): \n",
    "    ans = np.zeros((len(q),len(q)))              \n",
    "    fun = lambda q: M(q, l, mn, In, mi)\n",
    "    Dfun = nd.Gradient(fun) \n",
    "    \n",
    "    diff = Dfun(q)\n",
    "\n",
    "    \n",
    "    def c(i,j,k):\n",
    "        return 0.5 *(diff[k].item((i,j))+\n",
    "                     diff[j].item((i,k))-\n",
    "                     diff[i].item((j,k)))\n",
    "    \n",
    "    for i in range(len(q)):\n",
    "        for j in range(len(q)):\n",
    "            for k in range(len(q)):\n",
    "                ans[i][j]+=c(i,j,k)*dq[k]\n",
    "    return ans    "
   ]
  },
  {
   "cell_type": "code",
   "execution_count": 43,
   "metadata": {},
   "outputs": [
    {
     "data": {
      "text/plain": [
       "array([[0., 0., 0., 0., 0., 0., 0., 0., 0., 0., 0., 0., 0., 0., 0., 0.],\n",
       "       [0., 0., 0., 0., 0., 0., 0., 0., 0., 0., 0., 0., 0., 0., 0., 0.],\n",
       "       [0., 0., 0., 0., 0., 0., 0., 0., 0., 0., 0., 0., 0., 0., 0., 0.],\n",
       "       [0., 0., 0., 0., 0., 0., 0., 0., 0., 0., 0., 0., 0., 0., 0., 0.],\n",
       "       [0., 0., 0., 0., 0., 0., 0., 0., 0., 0., 0., 0., 0., 0., 0., 0.],\n",
       "       [0., 0., 0., 0., 0., 0., 0., 0., 0., 0., 0., 0., 0., 0., 0., 0.],\n",
       "       [0., 0., 0., 0., 0., 0., 0., 0., 0., 0., 0., 0., 0., 0., 0., 0.],\n",
       "       [0., 0., 0., 0., 0., 0., 0., 0., 0., 0., 0., 0., 0., 0., 0., 0.],\n",
       "       [0., 0., 0., 0., 0., 0., 0., 0., 0., 0., 0., 0., 0., 0., 0., 0.],\n",
       "       [0., 0., 0., 0., 0., 0., 0., 0., 0., 0., 0., 0., 0., 0., 0., 0.],\n",
       "       [0., 0., 0., 0., 0., 0., 0., 0., 0., 0., 0., 0., 0., 0., 0., 0.],\n",
       "       [0., 0., 0., 0., 0., 0., 0., 0., 0., 0., 0., 0., 0., 0., 0., 0.],\n",
       "       [0., 0., 0., 0., 0., 0., 0., 0., 0., 0., 0., 0., 0., 0., 0., 0.],\n",
       "       [0., 0., 0., 0., 0., 0., 0., 0., 0., 0., 0., 0., 0., 0., 0., 0.],\n",
       "       [0., 0., 0., 0., 0., 0., 0., 0., 0., 0., 0., 0., 0., 0., 0., 0.],\n",
       "       [0., 0., 0., 0., 0., 0., 0., 0., 0., 0., 0., 0., 0., 0., 0., 0.]])"
      ]
     },
     "execution_count": 43,
     "metadata": {},
     "output_type": "execute_result"
    }
   ],
   "source": [
    "C(q, dq, l, mn, In, mi)"
   ]
  },
  {
   "cell_type": "markdown",
   "metadata": {},
   "source": [
    "### Hydrodynamic damping matrix"
   ]
  },
  {
   "cell_type": "code",
   "execution_count": 44,
   "metadata": {},
   "outputs": [],
   "source": [
    "def R_I_Bi(i, alp):\n",
    "    return np.array([[np.cos(alp[i]), -np.sin(alp[i])],\n",
    "                    [np.sin(alp[i]), np.cos(alp[i])]])"
   ]
  },
  {
   "cell_type": "code",
   "execution_count": 45,
   "metadata": {},
   "outputs": [],
   "source": [
    "alp=alpha(q)\n",
    "dalp=alpha(dq)"
   ]
  },
  {
   "cell_type": "code",
   "execution_count": 46,
   "metadata": {},
   "outputs": [
    {
     "data": {
      "text/plain": [
       "array([[ 0.99900478, -0.04460328],\n",
       "       [ 0.04460328,  0.99900478]])"
      ]
     },
     "execution_count": 46,
     "metadata": {},
     "output_type": "execute_result"
    }
   ],
   "source": [
    "R_I_Bi(2, alp)"
   ]
  },
  {
   "cell_type": "code",
   "execution_count": 47,
   "metadata": {},
   "outputs": [],
   "source": [
    "I_=np.array([[0,0],\n",
    "             [0,1]])"
   ]
  },
  {
   "cell_type": "code",
   "execution_count": 48,
   "metadata": {},
   "outputs": [],
   "source": [
    "def Pi(i,alp):\n",
    "    return np.dot(np.dot(R_I_Bi(i, alp),I_),R_I_Bi(i, alp).T)"
   ]
  },
  {
   "cell_type": "code",
   "execution_count": 49,
   "metadata": {},
   "outputs": [],
   "source": [
    "def mod_Vn(q, alp, dq):\n",
    "    ans=[]\n",
    "    for j in range(len(q)):\n",
    "        ans.append(np.dot(np.dot(Pi(j,alp),Jv( q,j, l)), dq))\n",
    "    return np.linalg.norm(np.array(ans))"
   ]
  },
  {
   "cell_type": "code",
   "execution_count": 50,
   "metadata": {},
   "outputs": [
    {
     "data": {
      "text/plain": [
       "0.0"
      ]
     },
     "execution_count": 50,
     "metadata": {},
     "output_type": "execute_result"
    }
   ],
   "source": [
    "mod_Vn(q,alp,dq)"
   ]
  },
  {
   "cell_type": "code",
   "execution_count": 51,
   "metadata": {},
   "outputs": [],
   "source": [
    "def mod_Vni(i,q,alp,dq):\n",
    "    return np.linalg.norm(np.dot(np.dot(Pi(i,alp),Jv( q,i, l)), dq))"
   ]
  },
  {
   "cell_type": "code",
   "execution_count": 52,
   "metadata": {},
   "outputs": [
    {
     "data": {
      "text/plain": [
       "0.0"
      ]
     },
     "execution_count": 52,
     "metadata": {},
     "output_type": "execute_result"
    }
   ],
   "source": [
    "mod_Vni(len(q)-1,q,alp,dq)"
   ]
  },
  {
   "cell_type": "code",
   "execution_count": 53,
   "metadata": {},
   "outputs": [],
   "source": [
    "def gamma(i):\n",
    "    return 0.5*Cd[i]*qw*d0*l[i]"
   ]
  },
  {
   "cell_type": "code",
   "execution_count": 54,
   "metadata": {},
   "outputs": [],
   "source": [
    "def H(alp,q,dq,l):\n",
    "    ans=np.zeros((len(q), len(q)))\n",
    "    alp=alpha(q)\n",
    "    for j in range(len(q)):\n",
    "        ans+=gamma(j)*mod_Vni(j,q,alp,dq)*np.dot(np.dot(Jv(q,j,l).T,Pi(j,alp)),Jv( q,j, l))\n",
    "    return ans    "
   ]
  },
  {
   "cell_type": "code",
   "execution_count": 55,
   "metadata": {},
   "outputs": [
    {
     "data": {
      "text/plain": [
       "array([0.00892646, 0.02677653, 0.04461808, 0.06244542, 0.08025292,\n",
       "       0.09803494, 0.11578593, 0.13350034, 0.15117271, 0.16879763,\n",
       "       0.18636977, 0.20388387, 0.22133479, 0.23871745, 0.25602688,\n",
       "       0.27325824])"
      ]
     },
     "execution_count": 55,
     "metadata": {},
     "output_type": "execute_result"
    }
   ],
   "source": [
    "alp"
   ]
  },
  {
   "cell_type": "code",
   "execution_count": 56,
   "metadata": {},
   "outputs": [
    {
     "data": {
      "text/plain": [
       "array([[0., 0., 0., 0., 0., 0., 0., 0., 0., 0., 0., 0., 0., 0., 0., 0.],\n",
       "       [0., 0., 0., 0., 0., 0., 0., 0., 0., 0., 0., 0., 0., 0., 0., 0.],\n",
       "       [0., 0., 0., 0., 0., 0., 0., 0., 0., 0., 0., 0., 0., 0., 0., 0.],\n",
       "       [0., 0., 0., 0., 0., 0., 0., 0., 0., 0., 0., 0., 0., 0., 0., 0.],\n",
       "       [0., 0., 0., 0., 0., 0., 0., 0., 0., 0., 0., 0., 0., 0., 0., 0.],\n",
       "       [0., 0., 0., 0., 0., 0., 0., 0., 0., 0., 0., 0., 0., 0., 0., 0.],\n",
       "       [0., 0., 0., 0., 0., 0., 0., 0., 0., 0., 0., 0., 0., 0., 0., 0.],\n",
       "       [0., 0., 0., 0., 0., 0., 0., 0., 0., 0., 0., 0., 0., 0., 0., 0.],\n",
       "       [0., 0., 0., 0., 0., 0., 0., 0., 0., 0., 0., 0., 0., 0., 0., 0.],\n",
       "       [0., 0., 0., 0., 0., 0., 0., 0., 0., 0., 0., 0., 0., 0., 0., 0.],\n",
       "       [0., 0., 0., 0., 0., 0., 0., 0., 0., 0., 0., 0., 0., 0., 0., 0.],\n",
       "       [0., 0., 0., 0., 0., 0., 0., 0., 0., 0., 0., 0., 0., 0., 0., 0.],\n",
       "       [0., 0., 0., 0., 0., 0., 0., 0., 0., 0., 0., 0., 0., 0., 0., 0.],\n",
       "       [0., 0., 0., 0., 0., 0., 0., 0., 0., 0., 0., 0., 0., 0., 0., 0.],\n",
       "       [0., 0., 0., 0., 0., 0., 0., 0., 0., 0., 0., 0., 0., 0., 0., 0.],\n",
       "       [0., 0., 0., 0., 0., 0., 0., 0., 0., 0., 0., 0., 0., 0., 0., 0.]])"
      ]
     },
     "execution_count": 56,
     "metadata": {},
     "output_type": "execute_result"
    }
   ],
   "source": [
    "H(alp,q,dq,l)"
   ]
  },
  {
   "cell_type": "markdown",
   "metadata": {},
   "source": [
    "### Vector of spring forces in the pipe joints"
   ]
  },
  {
   "cell_type": "code",
   "execution_count": 57,
   "metadata": {},
   "outputs": [],
   "source": [
    "def f(q,k):\n",
    "    ans=np.array([k*q[i] for i in range(len(q))])\n",
    "    return ans.reshape(len(q),1)"
   ]
  },
  {
   "cell_type": "markdown",
   "metadata": {},
   "source": [
    "### Vector of gravitational/buoyancy forces"
   ]
  },
  {
   "cell_type": "code",
   "execution_count": 58,
   "metadata": {},
   "outputs": [],
   "source": [
    "def x(alp,i,l):\n",
    "    tmp1=np.dot(np.array(l[:i]),np.cos(alp[:i]))\n",
    "\n",
    "    tmp1+=0.5*l[i]*np.cos(alp[i])\n",
    "    return tmp1"
   ]
  },
  {
   "cell_type": "code",
   "execution_count": 59,
   "metadata": {},
   "outputs": [
    {
     "data": {
      "text/plain": [
       "42.64115613703909"
      ]
     },
     "execution_count": 59,
     "metadata": {},
     "output_type": "execute_result"
    }
   ],
   "source": [
    "x(alp,2,l)"
   ]
  },
  {
   "cell_type": "code",
   "execution_count": 60,
   "metadata": {},
   "outputs": [],
   "source": [
    "def y(alp,i,l):\n",
    "    tmp1=np.dot(np.array(l[:i]),np.sin(alp[:i]))\n",
    "    tmp1+=0.5*l[i]*np.sin(alp[i])\n",
    "    return tmp1"
   ]
  },
  {
   "cell_type": "code",
   "execution_count": 61,
   "metadata": {},
   "outputs": [
    {
     "data": {
      "text/plain": [
       "0.9898460079596942"
      ]
     },
     "execution_count": 61,
     "metadata": {},
     "output_type": "execute_result"
    }
   ],
   "source": [
    "y(alp,2,l)"
   ]
  },
  {
   "cell_type": "code",
   "execution_count": 62,
   "metadata": {},
   "outputs": [],
   "source": [
    "G=np.array([0,-9.81]).T\n",
    "\n",
    "def ggi(i,G):\n",
    "    return mi[i]*G\n",
    "   \n",
    "    \n",
    "def gbi(G,l,i):\n",
    "    return -3.14*l[i]*(d0**2/4)*qw*G \n",
    "\n",
    "\n",
    "def gt(alp, dalp, fip, i): \n",
    "    return -fip*(alp[i] - dalp[i])\n"
   ]
  },
  {
   "cell_type": "code",
   "execution_count": 63,
   "metadata": {},
   "outputs": [],
   "source": [
    "def g(q, alp, dalp):\n",
    "    sum_=0\n",
    "    for i in range(len(q)-1):\n",
    "        sum_+=np.dot(Jv( q,i, l).T,ggi(i,G)+gbi(G,l,i))\n",
    "    tmp = -qw*Awp*(y(alp,len(alp)-1,l)-h)*G \n",
    "    sum_ += np.dot(Jv(q,len(q)-1, l).T, tmp) \n",
    "    ans = sum_.reshape(len(q),1) +np.dot(Jomega(len(q)-1,q).T, gt(alp,dalp,fip, len(q)-1))\n",
    "    return  ans "
   ]
  },
  {
   "cell_type": "code",
   "execution_count": 64,
   "metadata": {},
   "outputs": [
    {
     "data": {
      "text/plain": [
       "array([[-3.23412354e+11],\n",
       "       [-3.20179698e+11],\n",
       "       [-3.16946617e+11],\n",
       "       [-3.13713112e+11],\n",
       "       [-3.10479182e+11],\n",
       "       [-3.07244827e+11],\n",
       "       [-3.04010046e+11],\n",
       "       [-3.00774838e+11],\n",
       "       [-2.97539203e+11],\n",
       "       [-2.94303139e+11],\n",
       "       [-2.91066646e+11],\n",
       "       [-2.87829721e+11],\n",
       "       [-2.84592364e+11],\n",
       "       [-2.81354573e+11],\n",
       "       [-2.78116346e+11],\n",
       "       [-2.74877681e+11]])"
      ]
     },
     "execution_count": 64,
     "metadata": {},
     "output_type": "execute_result"
    }
   ],
   "source": [
    "g(q,alp, dalp)"
   ]
  },
  {
   "cell_type": "code",
   "execution_count": null,
   "metadata": {},
   "outputs": [],
   "source": []
  },
  {
   "cell_type": "markdown",
   "metadata": {},
   "source": [
    "### Vector of control inputs"
   ]
  },
  {
   "cell_type": "code",
   "execution_count": 65,
   "metadata": {},
   "outputs": [],
   "source": [
    "# Assume that the stinger is shorter than the link length li for any link i\n",
    "def tau_q(q,tau_qn): \n",
    "    ans= np.array([0 for i in range(len(q))]).reshape(len(q),1)\n",
    "    ans[-1] = tau_qn\n",
    "    return ans"
   ]
  },
  {
   "cell_type": "code",
   "execution_count": 66,
   "metadata": {},
   "outputs": [],
   "source": [
    "def Fx(q,alp,dq,kp, kd, x_ref = 0):\n",
    "    return -kp*(x(alp,len(q)-1,l)-x_ref) - kd*mod_Vn(q,alp,dq)"
   ]
  },
  {
   "cell_type": "code",
   "execution_count": 67,
   "metadata": {},
   "outputs": [
    {
     "data": {
      "text/plain": [
       "-7799067.457464448"
      ]
     },
     "execution_count": 67,
     "metadata": {},
     "output_type": "execute_result"
    }
   ],
   "source": [
    "Fx(q,alp,dq,kp, kd, x_ref = 0)"
   ]
  },
  {
   "cell_type": "code",
   "execution_count": 68,
   "metadata": {},
   "outputs": [],
   "source": [
    "F1=np.array([Fx_,0]).reshape(2,1) # actuates the vessel in the surge direction in frame Bn\n",
    "def tau_t(q, F):\n",
    "    tmp= np.dot(Jv(q,len(q)-1, l).T, F)\n",
    "    return tmp"
   ]
  },
  {
   "cell_type": "code",
   "execution_count": 69,
   "metadata": {},
   "outputs": [
    {
     "data": {
      "text/plain": [
       "array([[-20378301.79695475],\n",
       "       [-20294107.92478833],\n",
       "       [-20041499.47273867],\n",
       "       [-19620395.92560142],\n",
       "       [-19030663.06285496],\n",
       "       [-18272112.91587947],\n",
       "       [-17344503.70804555],\n",
       "       [-16247539.77765038],\n",
       "       [-14980871.48368068],\n",
       "       [-13544095.09436957],\n",
       "       [-11936752.65851304],\n",
       "       [-10158331.85950472],\n",
       "       [ -8208265.85204291],\n",
       "       [ -6085933.08145655],\n",
       "       [ -3790657.08559409],\n",
       "       [ -1321706.27921122]])"
      ]
     },
     "execution_count": 69,
     "metadata": {},
     "output_type": "execute_result"
    }
   ],
   "source": [
    "tau_t(q, F1)"
   ]
  },
  {
   "cell_type": "code",
   "execution_count": null,
   "metadata": {},
   "outputs": [],
   "source": []
  },
  {
   "cell_type": "code",
   "execution_count": 70,
   "metadata": {},
   "outputs": [
    {
     "data": {
      "text/plain": [
       "(0.07612893426384613, 36.852525201424065)"
      ]
     },
     "execution_count": 70,
     "metadata": {},
     "output_type": "execute_result"
    }
   ],
   "source": [
    "y(alp,0,l),y(alp,len(q)-1,l)"
   ]
  },
  {
   "cell_type": "code",
   "execution_count": 71,
   "metadata": {},
   "outputs": [],
   "source": [
    "tau_q_wave=9e6 # (taken from article on forces to semi-submersible platform),[N]\n",
    "def tau_wave(q, alp, tau_q_wave): \n",
    "    A0 = tau_q_wave         \n",
    "    k = 0.5          \n",
    "    ans=[]\n",
    "    for i in range(len(q)):\n",
    "        ans.append([tau_q_wave * np.exp(-k * (y(alp,len(q)-1,l)-y(alp,i,l)))  ])   \n",
    "    return np.array(ans)"
   ]
  },
  {
   "cell_type": "code",
   "execution_count": 72,
   "metadata": {},
   "outputs": [],
   "source": [
    "def tau(q, alp, tau_qn, F, tau_q_wave):\n",
    "    return tau_t(q, F) + tau_wave(q, alp, tau_q_wave) +tau_q(q,tau_qn)"
   ]
  },
  {
   "cell_type": "code",
   "execution_count": 73,
   "metadata": {},
   "outputs": [
    {
     "data": {
      "text/plain": [
       "array([[9.29714336e-02],\n",
       "       [1.08262873e-01],\n",
       "       [1.46811701e-01],\n",
       "       [2.31864922e-01],\n",
       "       [4.26546081e-01],\n",
       "       [9.14192729e-01],\n",
       "       [2.28326329e+00],\n",
       "       [6.64733179e+00],\n",
       "       [2.25662694e+01],\n",
       "       [8.93639632e+01],\n",
       "       [4.12995977e+02],\n",
       "       [2.22854732e+03],\n",
       "       [1.40483034e+04],\n",
       "       [1.03515821e+05],\n",
       "       [8.92168509e+05],\n",
       "       [9.00000000e+06]])"
      ]
     },
     "execution_count": 73,
     "metadata": {},
     "output_type": "execute_result"
    }
   ],
   "source": [
    "tau_wave(q,alp, tau_q_wave)"
   ]
  },
  {
   "cell_type": "code",
   "execution_count": 74,
   "metadata": {},
   "outputs": [
    {
     "data": {
      "text/plain": [
       "array([[-20378301.70398332],\n",
       "       [-20294107.81652546],\n",
       "       [-20041499.32592697],\n",
       "       [-19620395.69373649],\n",
       "       [-19030662.63630887],\n",
       "       [-18272112.00168674],\n",
       "       [-17344501.42478226],\n",
       "       [-16247533.13031859],\n",
       "       [-14980848.91741127],\n",
       "       [-13544005.73040641],\n",
       "       [-11936339.66253559],\n",
       "       [-10156103.31218023],\n",
       "       [ -8194217.54866904],\n",
       "       [ -5982417.26025883],\n",
       "       [ -2898488.57640118],\n",
       "       [  1678293.72078878]])"
      ]
     },
     "execution_count": 74,
     "metadata": {},
     "output_type": "execute_result"
    }
   ],
   "source": [
    "tau(q, alp, tau_qn, F1, tau_q_wave)"
   ]
  },
  {
   "cell_type": "code",
   "execution_count": 75,
   "metadata": {},
   "outputs": [
    {
     "data": {
      "text/plain": [
       "[0.008926459683839327,\n",
       " 0.017850074644181497,\n",
       " 0.01784154500477122,\n",
       " 0.017827344025214124,\n",
       " 0.017807494273221258,\n",
       " 0.017782027220999932,\n",
       " 0.017750983124132327,\n",
       " 0.01771441086657112,\n",
       " 0.017672367774230063,\n",
       " 0.017624919397368627,\n",
       " 0.017572139263887898,\n",
       " 0.017514108605026557,\n",
       " 0.01745091605552268,\n",
       " 0.017382657329900686,\n",
       " 0.017309434877491064,\n",
       " 0.017231357518113277]"
      ]
     },
     "execution_count": 75,
     "metadata": {},
     "output_type": "execute_result"
    }
   ],
   "source": [
    "q"
   ]
  },
  {
   "cell_type": "code",
   "execution_count": null,
   "metadata": {},
   "outputs": [],
   "source": []
  },
  {
   "cell_type": "markdown",
   "metadata": {},
   "source": [
    "### Static solution"
   ]
  },
  {
   "cell_type": "code",
   "execution_count": 76,
   "metadata": {},
   "outputs": [],
   "source": [
    "alp_=alpha(q)"
   ]
  },
  {
   "cell_type": "code",
   "execution_count": null,
   "metadata": {},
   "outputs": [],
   "source": []
  },
  {
   "cell_type": "code",
   "execution_count": 77,
   "metadata": {
    "scrolled": true
   },
   "outputs": [
    {
     "data": {
