{
 "cells": [
  {
   "cell_type": "markdown",
   "metadata": {},
   "source": [
    "### Model inspired by:\n",
    "- [1] Offshore Pipelaying Dynamics. Gullik Anthon Jensen \n",
    "- [2] Modelling and Control of Offshore Marine Pipeline during Pipelay. Gullik A. Jensen et al"
   ]
  },
  {
   "cell_type": "markdown",
   "metadata": {},
   "source": [
    "#### Motion equation used:\n",
    "M(q)q ̈ + C(q,q ̇)q ̇ + H(q,q ̇)q ̇ + f(q) + g(q) = τ"
   ]
  },
  {
   "cell_type": "code",
   "execution_count": 1,
   "metadata": {},
   "outputs": [],
   "source": [
    "import numpy as np\n",
    "import math\n",
    "from scipy.integrate import odeint, ode, solve_ivp\n",
    "from scipy.integrate import ode\n",
    "from scipy.misc import derivative\n",
    "from numpy.linalg import inv, pinv\n",
    "import numdifftools as nd\n",
    "import tqdm\n",
    "import functools\n",
    "from datetime import datetime\n",
    "from scipy.optimize import fsolve\n",
    "from scipy.linalg import lu_factor, lu_solve"
   ]
  },
  {
   "cell_type": "code",
   "execution_count": 2,
   "metadata": {},
   "outputs": [],
   "source": [
    "%matplotlib inline"
   ]
  },
  {
   "cell_type": "code",
   "execution_count": 3,
   "metadata": {},
   "outputs": [],
   "source": [
    "import matplotlib.pyplot as plt"
   ]
  },
  {
   "cell_type": "markdown",
   "metadata": {},
   "source": [
    "### Modelling data:"
   ]
  },
  {
   "cell_type": "code",
   "execution_count": 4,
   "metadata": {},
   "outputs": [],
   "source": [
    "N = 12  # Number of simulation nodes"
   ]
  },
  {
   "cell_type": "code",
   "execution_count": 5,
   "metadata": {},
   "outputs": [],
   "source": [
    "pipe_weight_per_unit_length = 96 #  (submerged) [kg/m]  # 113.07 - not submerged"
   ]
  },
  {
   "cell_type": "code",
   "execution_count": 6,
   "metadata": {},
   "outputs": [],
   "source": [
    "h = 700 # water depth, [m]"
   ]
  },
  {
   "cell_type": "code",
   "execution_count": 7,
   "metadata": {},
   "outputs": [],
   "source": [
    "dq = np.zeros(N) #  these numbers are used for in itial checks only and redefined below"
   ]
  },
  {
   "cell_type": "code",
   "execution_count": 8,
   "metadata": {},
   "outputs": [],
   "source": [
    "# Catenary"
   ]
  },
  {
   "cell_type": "code",
   "execution_count": 9,
   "metadata": {},
   "outputs": [],
   "source": [
    "Ws = pipe_weight_per_unit_length*9.81 # [N/m]"
   ]
  },
  {
   "cell_type": "code",
   "execution_count": 10,
   "metadata": {},
   "outputs": [],
   "source": [
    "def catenary(x,Ws,Fh):\n",
    "    return (Fh/Ws)*(np.cosh(x*Ws/Fh)-1)"
   ]
  },
  {
   "cell_type": "code",
   "execution_count": 11,
   "metadata": {},
   "outputs": [],
   "source": [
    "Fx_0 = 82945396\n",
    "Fx_ = 7.5e7 # [N], from the Jensen thesis"
   ]
  },
  {
   "cell_type": "code",
   "execution_count": 12,
   "metadata": {},
   "outputs": [],
   "source": [
    "S = math.sqrt(h*(2*Fx_0/Ws -h))\n",
    "horizontal_length=(Fx_0/Ws -h)*np.log((S+Fx_0/Ws)/(Fx_0/Ws-h))"
   ]
  },
  {
   "cell_type": "code",
   "execution_count": 13,
   "metadata": {},
   "outputs": [],
   "source": [
    "delta_x = horizontal_length/N"
   ]
  },
  {
   "cell_type": "code",
   "execution_count": 14,
   "metadata": {},
   "outputs": [],
   "source": [
    "x0 = [i*delta_x for i in range(N+1)]\n",
    "y0 = []\n",
    "for i in range(len(x0)):\n",
    "    y0.append(catenary(x0[i],Ws,Fx_))"
   ]
  },
  {
   "cell_type": "code",
   "execution_count": 15,
   "metadata": {},
   "outputs": [],
   "source": [
    "q=[]\n",
    "l=[]\n",
    "deg_=[0]\n",
    "\n",
    "for i in range(len(x0)-1):\n",
    "    l.append(np.sqrt((x0[i+1]-x0[i])**2+(y0[i+1]-y0[i])**2))\n",
    "    deg =np.degrees(math.atan((y0[i+1]-y0[i])/(x0[i+1]-x0[i])))\n",
    "    q.append(deg-deg_[-1]) \n",
    "    deg_.append(deg)"
   ]
  },
  {
   "cell_type": "code",
   "execution_count": 16,
   "metadata": {},
   "outputs": [
    {
     "data": {
      "text/plain": [
       "[921.072470829933,\n",
       " 921.1956775848867,\n",
       " 921.4421075747438,\n",
       " 921.8117937616091,\n",
       " 922.3047855941514,\n",
       " 922.9211490142245,\n",
       " 923.6609664656845,\n",
       " 924.5243369054327,\n",
       " 925.5113758166391,\n",
       " 926.6222152242184,\n",
       " 927.8570037124688,\n",
       " 929.2159064449938]"
      ]
     },
     "execution_count": 16,
     "metadata": {},
     "output_type": "execute_result"
    }
   ],
   "source": [
    "l"
   ]
  },
  {
   "cell_type": "code",
   "execution_count": null,
   "metadata": {},
   "outputs": [],
   "source": []
  },
  {
   "cell_type": "code",
   "execution_count": 17,
   "metadata": {},
   "outputs": [],
   "source": [
    "pipe_joint_length = l[0]  # [m]\n",
    "mn = 32219000 # mass of the vessel, [kg]"
   ]
  },
  {
   "cell_type": "code",
   "execution_count": 18,
   "metadata": {},
   "outputs": [],
   "source": [
    "# L - the hull length\n",
    "# Xg - x-center of gravity\n",
    "\n",
    "L = 169 # [m]\n",
    "Xg = 78 # [m]"
   ]
  },
  {
   "cell_type": "code",
   "execution_count": 19,
   "metadata": {},
   "outputs": [],
   "source": [
    "# Fossen book p.181\n",
    "def vessel_inertia_moment(mn, Xg, L):\n",
    "    r = 0.25*L\n",
    "    Ir = mn*r**2\n",
    "    Iz=mn*Xg**2 + Ir\n",
    "    return Iz"
   ]
  },
  {
   "cell_type": "code",
   "execution_count": 20,
   "metadata": {},
   "outputs": [],
   "source": [
    "In = vessel_inertia_moment(mn,Xg,L)"
   ]
  },
  {
   "cell_type": "code",
   "execution_count": 21,
   "metadata": {},
   "outputs": [
    {
     "data": {
      "text/plain": [
       "253533324687.5"
      ]
     },
     "execution_count": 21,
     "metadata": {},
     "output_type": "execute_result"
    }
   ],
   "source": [
    "In"
   ]
  },
  {
   "cell_type": "code",
   "execution_count": 22,
   "metadata": {},
   "outputs": [],
   "source": [
    "mi = [x*pipe_weight_per_unit_length for x in l] # mass of pipe element (submerged), [kg]"
   ]
  },
  {
   "cell_type": "code",
   "execution_count": 23,
   "metadata": {},
   "outputs": [],
   "source": [
    "# for hydrodynamic damping matrix\n",
    "Cd=[0.87 for x in range(N)] # Drag coefficient\n",
    "Cd[-1] = 1.6 "
   ]
  },
  {
   "cell_type": "code",
   "execution_count": 24,
   "metadata": {},
   "outputs": [],
   "source": [
    "# Pipe\n",
    "qw = 1025 # Water density [kg/m3]\n",
    "d0 = 0.7610 # Outer diameter of pipe, [m]\n",
    "dI= 0.69 # Inner diameter of pipe, [m]"
   ]
  },
  {
   "cell_type": "code",
   "execution_count": 25,
   "metadata": {},
   "outputs": [],
   "source": [
    "# for vector of spring forces in the pipe joints\n",
    "E = 210e9 # modulus of elasticity of steel, [N/m^2]\n",
    "EI = E*3.14/64*(d0**4-dI**4) # Bending stiffness [N*m^2]\n",
    "\n",
    "C0=3\n",
    "K = C0*EI/pipe_joint_length**3 # depends on the unit bending stiffness of the pipe (EI), \n",
    "                               # and the length li, of the link; from the Jensen thesis [N/m]"
   ]
  },
  {
   "cell_type": "code",
   "execution_count": 26,
   "metadata": {},
   "outputs": [
    {
     "data": {
      "text/plain": [
       "4.300094536553864"
      ]
     },
     "execution_count": 26,
     "metadata": {},
     "output_type": "execute_result"
    }
   ],
   "source": [
    "K"
   ]
  },
  {
   "cell_type": "code",
   "execution_count": 27,
   "metadata": {},
   "outputs": [],
   "source": [
    "# for vector of control inputs\n",
    "tau_qn = 250576 # tension in pipe at water level, [N] (check catenary calculation sheets)"
   ]
  },
  {
   "cell_type": "code",
   "execution_count": 28,
   "metadata": {},
   "outputs": [],
   "source": [
    "# Time integration params:\n",
    "max_t = 600 \n",
    "dt = 0.5\n",
    "t=np.arange(0,max_t,dt)\n",
    "DP_start=100"
   ]
  },
  {
   "cell_type": "code",
   "execution_count": 29,
   "metadata": {},
   "outputs": [],
   "source": [
    "Awp = 1000 # the waterplane area of the vessel, [m^2]\n",
    "fip=1e12"
   ]
  },
  {
   "cell_type": "code",
   "execution_count": 30,
   "metadata": {},
   "outputs": [],
   "source": [
    "kp=2.95e4\n",
    "kd=2.5e4"
   ]
  },
  {
   "cell_type": "markdown",
   "metadata": {},
   "source": [
    "### System inertia matrix "
   ]
  },
  {
   "cell_type": "code",
   "execution_count": 31,
   "metadata": {},
   "outputs": [],
   "source": [
    "def alpha(q):\n",
    "    sum_=0\n",
    "    ans=[]\n",
    "    for i in range(len(q)):\n",
    "        sum_+=q[i]\n",
    "        ans.append(sum_)\n",
    "    return np.array(ans)"
   ]
  },
  {
   "cell_type": "code",
   "execution_count": 32,
   "metadata": {},
   "outputs": [],
   "source": [
    "def Jv(q, i, l):\n",
    "    alp=alpha(q)\n",
    "    def Jv0(i, k, alp, l):\n",
    "        \n",
    "        if k<i:\n",
    "            tmp1=np.dot(np.array(l[k:i]),np.sin(np.radians(alp[k:i])))\n",
    "            tmp1=-tmp1-0.5*l[i]*np.sin(np.radians(alp[i]))\n",
    "            \n",
    "            tmp2 =np.dot(np.array(l[k:i]),np.cos(np.radians(alp[k:i])))\n",
    "            tmp2=tmp2+0.5*l[i]*np.cos(np.radians(alp[i]))\n",
    "                        \n",
    "            return np.array([tmp1, tmp2]).T\n",
    "        elif k==i:\n",
    "            return np.array([-0.5*l[i]*np.sin(np.radians(alp[i])),\n",
    "                    0.5*l[i]*np.cos(np.radians(alp[i]))]).T\n",
    "        else:\n",
    "            return np.array([0, 0]).T                 \n",
    "    \n",
    "    ans=np.array([Jv0(i, k, alp, l) for k in range(len(q))])\n",
    "    \n",
    "    return ans.T"
   ]
  },
  {
   "cell_type": "code",
   "execution_count": 33,
   "metadata": {},
   "outputs": [
    {
     "data": {
      "text/plain": [
       "array([[ -34.62354568,  -29.29722999,  -13.31757044,    0.        ,\n",
       "           0.        ,    0.        ,    0.        ,    0.        ,\n",
       "           0.        ,    0.        ,    0.        ,    0.        ],\n",
       "       [2302.64267593, 1381.58560556,  460.52853519,    0.        ,\n",
       "           0.        ,    0.        ,    0.        ,    0.        ,\n",
       "           0.        ,    0.        ,    0.        ,    0.        ]])"
      ]
     },
     "execution_count": 33,
     "metadata": {},
     "output_type": "execute_result"
    }
   ],
   "source": [
    "Jv(q, 2, l)"
   ]
  },
  {
   "cell_type": "code",
   "execution_count": 34,
   "metadata": {},
   "outputs": [],
   "source": [
    "def Jomega(i,q):\n",
    "\n",
    "    def Jomega0(i,k):\n",
    "        if k<=i:\n",
    "            return 1\n",
    "        return 0\n",
    "    ans=np.array([Jomega0(i, k) for k in range(len(q))])\n",
    "   \n",
    "    return ans.reshape(len(q),1).T"
   ]
  },
  {
   "cell_type": "code",
   "execution_count": 35,
   "metadata": {},
   "outputs": [],
   "source": [
    "def M(q, l, mn, In, mi):\n",
    "  \n",
    "    \n",
    "    sum1 = mn * np.dot(Jv( q, len(q)-1, l).T, Jv(q, len(q)-1, l))\n",
    "    \n",
    " \n",
    "    sum2 = In * np.dot(Jomega(len(q)-1,q).T, Jomega(len(q)-1,q))\n",
    "    \n",
    "    sum3=0\n",
    "    \n",
    "    for i in range(len(q)-1):\n",
    "        J_v = Jv(q, i, l)\n",
    "        sum3+=mi[i]*np.dot(J_v.T, J_v)\n",
    "      \n",
    "    return sum1 + sum2 + sum3   "
   ]
  },
  {
   "cell_type": "code",
   "execution_count": 36,
   "metadata": {},
   "outputs": [
    {
     "data": {
      "text/plain": [
       "array([[3.66457301e+15, 3.34558489e+15, 3.02642695e+15, 2.70717426e+15,\n",
       "        2.38790198e+15, 2.06868545e+15, 1.74960025e+15, 1.43072230e+15,\n",
       "        1.11212791e+15, 7.93893825e+14, 4.76097365e+14, 1.58816438e+14],\n",
       "       [3.34558489e+15, 3.05470166e+15, 2.76359424e+15, 2.47231888e+15,\n",
       "        2.18095074e+15, 1.88956509e+15, 1.59823748e+15, 1.30704375e+15,\n",
       "        1.01606013e+15, 7.25363300e+14, 4.35030475e+14, 1.45139463e+14],\n",
       "       [3.02642695e+15, 2.76359424e+15, 2.50052418e+15, 2.23723553e+15,\n",
       "        1.97378458e+15, 1.71024658e+15, 1.44669698e+15, 1.18321155e+15,\n",
       "        9.19866427e+14, 6.56738198e+14, 3.93903959e+14, 1.31441403e+14],\n",
       "       [2.70717426e+15, 2.47231888e+15, 2.23723553e+15, 2.00192415e+15,\n",
       "        1.76640347e+15, 1.53072987e+15, 1.29497871e+15, 1.05922567e+15,\n",
       "        8.23546782e+14, 5.88018501e+14, 3.52717806e+14, 1.17722251e+14],\n",
       "       [2.38790198e+15, 2.18095074e+15, 1.97378458e+15, 1.76640347e+15,\n",
       "        1.55880733e+15, 1.35101489e+15, 1.14308263e+15, 9.35086077e+14,\n",
       "        7.27101150e+14, 5.19204178e+14, 3.11471994e+14, 1.03982003e+14],\n",
       "       [2.06868545e+15, 1.88956509e+15, 1.71024658e+15, 1.53072987e+15,\n",
       "        1.35101489e+15, 1.17110157e+15, 9.91008635e+14, 8.10792682e+14,\n",
       "        6.30529471e+14, 4.50295184e+14, 2.70166497e+14, 9.02206465e+13],\n",
       "       [1.74960025e+15, 1.59823748e+15, 1.44669698e+15, 1.29497871e+15,\n",
       "        1.14308263e+15, 9.91008635e+14, 8.38756632e+14, 6.86345397e+14,\n",
       "        5.33831669e+14, 3.81291463e+14, 2.28801277e+14, 7.64381702e+13],\n",
       "       [1.43072230e+15, 1.30704375e+15, 1.18321155e+15, 1.05922567e+15,\n",
       "        9.35086077e+14, 8.10792682e+14, 6.86345397e+14, 5.61744110e+14,\n",
       "        4.37007652e+14, 3.12192944e+14, 1.87376293e+14, 6.26345583e+13],\n",
       "       [1.11212791e+15, 1.01606013e+15, 9.19866427e+14, 8.23546782e+14,\n",
       "        7.27101150e+14, 6.30529471e+14, 5.33831669e+14, 4.37007652e+14,\n",
       "        3.40057311e+14, 2.42999545e+14, 1.45891490e+14, 4.88097923e+13],\n",
       "       [7.93893825e+14, 7.25363300e+14, 6.56738198e+14, 5.88018501e+14,\n",
       "        5.19204178e+14, 4.50295184e+14, 3.81291463e+14, 3.12192944e+14,\n",
       "        2.42999545e+14, 1.73711171e+14, 1.04346811e+14, 3.49638511e+13],\n",
       "       [4.76097365e+14, 4.35030475e+14, 3.93903959e+14, 3.52717806e+14,\n",
       "        3.11471994e+14, 2.70166497e+14, 2.28801277e+14, 1.87376293e+14,\n",
       "        1.45891490e+14, 1.04346811e+14, 6.27421856e+13, 2.10967108e+13],\n",
       "       [1.58816438e+14, 1.45139463e+14, 1.31441403e+14, 1.17722251e+14,\n",
       "        1.03982003e+14, 9.02206465e+13, 7.64381702e+13, 6.26345583e+13,\n",
       "        4.88097923e+13, 3.49638511e+13, 2.10967108e+13, 7.20834439e+12]])"
      ]
     },
     "execution_count": 36,
     "metadata": {},
     "output_type": "execute_result"
    }
   ],
   "source": [
    "M(q, l, mn, In, mi)"
   ]
  },
  {
   "cell_type": "markdown",
   "metadata": {},
   "source": [
    "### Coriolis-centripetal matrix"
   ]
  },
  {
   "cell_type": "code",
   "execution_count": 37,
   "metadata": {},
   "outputs": [],
   "source": [
    "def C(q, dq, l, mn, In, mi): \n",
    "    ans = np.zeros((len(q),len(q)))              \n",
    "    fun = lambda q: M(q, l, mn, In, mi)\n",
    "    Dfun = nd.Gradient(fun) \n",
    "    \n",
    "    diff = Dfun(q)\n",
    "\n",
    "    \n",
    "    def c(i,j,k):\n",
    "        return 0.5 *(diff[k].item((i,j))+\n",
    "                     diff[j].item((i,k))-\n",
    "                     diff[i].item((j,k)))\n",
    "    \n",
    "    for i in range(len(q)):\n",
    "        for j in range(len(q)):\n",
    "            for k in range(len(q)):\n",
    "                ans[i][j]+=c(i,j,k)*np.radians(dq[k])\n",
    "    return ans    "
   ]
  },
  {
   "cell_type": "code",
   "execution_count": 38,
   "metadata": {},
   "outputs": [
    {
     "data": {
      "text/plain": [
       "array([[0., 0., 0., 0., 0., 0., 0., 0., 0., 0., 0., 0.],\n",
       "       [0., 0., 0., 0., 0., 0., 0., 0., 0., 0., 0., 0.],\n",
       "       [0., 0., 0., 0., 0., 0., 0., 0., 0., 0., 0., 0.],\n",
       "       [0., 0., 0., 0., 0., 0., 0., 0., 0., 0., 0., 0.],\n",
       "       [0., 0., 0., 0., 0., 0., 0., 0., 0., 0., 0., 0.],\n",
       "       [0., 0., 0., 0., 0., 0., 0., 0., 0., 0., 0., 0.],\n",
       "       [0., 0., 0., 0., 0., 0., 0., 0., 0., 0., 0., 0.],\n",
       "       [0., 0., 0., 0., 0., 0., 0., 0., 0., 0., 0., 0.],\n",
       "       [0., 0., 0., 0., 0., 0., 0., 0., 0., 0., 0., 0.],\n",
       "       [0., 0., 0., 0., 0., 0., 0., 0., 0., 0., 0., 0.],\n",
       "       [0., 0., 0., 0., 0., 0., 0., 0., 0., 0., 0., 0.],\n",
       "       [0., 0., 0., 0., 0., 0., 0., 0., 0., 0., 0., 0.]])"
      ]
     },
     "execution_count": 38,
     "metadata": {},
     "output_type": "execute_result"
    }
   ],
   "source": [
    "C(q, dq, l, mn, In, mi)"
   ]
  },
  {
   "cell_type": "markdown",
   "metadata": {},
   "source": [
    "### Hydrodynamic damping matrix"
   ]
  },
  {
   "cell_type": "code",
   "execution_count": 39,
   "metadata": {},
   "outputs": [],
   "source": [
    "def R_I_Bi(i, alp):\n",
    "    return np.array([[np.cos(np.radians(alp[i])), -np.sin(np.radians(alp[i]))],\n",
    "                    [np.sin(np.radians(alp[i])), np.cos(np.radians(alp[i]))]])"
   ]
  },
  {
   "cell_type": "code",
   "execution_count": 40,
   "metadata": {},
   "outputs": [],
   "source": [
    "alp=alpha(q)"
   ]
  },
  {
   "cell_type": "code",
   "execution_count": 41,
   "metadata": {},
   "outputs": [
    {
     "data": {
      "text/plain": [
       "array([[ 0.99958214, -0.02890593],\n",
       "       [ 0.02890593,  0.99958214]])"
      ]
     },
     "execution_count": 41,
     "metadata": {},
     "output_type": "execute_result"
    }
   ],
   "source": [
    "R_I_Bi(2, alp)"
   ]
  },
  {
   "cell_type": "code",
   "execution_count": 42,
   "metadata": {},
   "outputs": [],
   "source": [
    "I_=np.array([[0,0],\n",
    "             [0,1]])"
   ]
  },
  {
   "cell_type": "code",
   "execution_count": 43,
   "metadata": {},
   "outputs": [],
   "source": [
    "def Pi(i,alp):\n",
    "    return np.dot(np.dot(R_I_Bi(i, alp),I_),R_I_Bi(i, alp).T)"
   ]
  },
  {
   "cell_type": "code",
   "execution_count": 44,
   "metadata": {},
   "outputs": [],
   "source": [
    "def mod_Vn(q, alp, dq):\n",
    "    ans=[]\n",
    "    for j in range(len(q)):\n",
    "        ans.append(np.dot(np.dot(Pi(j,alp),Jv( q,j, l)), np.radians(dq)))\n",
    "    return np.linalg.norm(np.array(ans))"
   ]
  },
  {
   "cell_type": "code",
   "execution_count": 45,
   "metadata": {},
   "outputs": [
    {
     "data": {
      "text/plain": [
       "0.0"
      ]
     },
     "execution_count": 45,
     "metadata": {},
     "output_type": "execute_result"
    }
   ],
   "source": [
    "mod_Vn(q,alp,dq)"
   ]
  },
  {
   "cell_type": "code",
   "execution_count": 46,
   "metadata": {},
   "outputs": [],
   "source": [
    "def mod_Vni(i,q,alp,dq):\n",
    "    return np.linalg.norm(np.dot(np.dot(Pi(i,alp),Jv( q,i, l)), np.radians(dq)))"
   ]
  },
  {
   "cell_type": "code",
   "execution_count": 47,
   "metadata": {},
   "outputs": [
    {
     "data": {
      "text/plain": [
       "0.0"
      ]
     },
     "execution_count": 47,
     "metadata": {},
     "output_type": "execute_result"
    }
   ],
   "source": [
    "mod_Vni(len(q)-1,q,alp,dq)"
   ]
  },
  {
   "cell_type": "code",
   "execution_count": 48,
   "metadata": {},
   "outputs": [],
   "source": [
    "def gamma(i):\n",
    "    return 0.5*Cd[i]*qw*d0*l[i]"
   ]
  },
  {
   "cell_type": "code",
   "execution_count": 49,
   "metadata": {},
   "outputs": [],
   "source": [
    "def H(alp,q,dq,l):\n",
    "    ans=np.zeros((len(q), len(q)))\n",
    "    alp=alpha(q)\n",
    "    for j in range(len(q)):\n",
    "        ans+=gamma(j)*mod_Vni(j,q,alp,dq)*np.dot(np.dot(Jv(q,j,l).T,Pi(j,alp)),Jv( q,j, l))\n",
    "    return ans    "
   ]
  },
  {
   "cell_type": "code",
   "execution_count": 50,
   "metadata": {},
   "outputs": [
    {
     "data": {
      "text/plain": [
       "array([0.33132801, 0.99393972, 1.65641851, 2.31867586, 2.98062341,\n",
       "       3.642173  , 4.30323674, 4.96372705, 5.62355675, 6.28263907,\n",
       "       6.94088777, 7.59821713])"
      ]
     },
     "execution_count": 50,
     "metadata": {},
     "output_type": "execute_result"
    }
   ],
   "source": [
    "alp"
   ]
  },
  {
   "cell_type": "code",
   "execution_count": 51,
   "metadata": {},
   "outputs": [
    {
     "data": {
      "text/plain": [
       "array([[0., 0., 0., 0., 0., 0., 0., 0., 0., 0., 0., 0.],\n",
       "       [0., 0., 0., 0., 0., 0., 0., 0., 0., 0., 0., 0.],\n",
       "       [0., 0., 0., 0., 0., 0., 0., 0., 0., 0., 0., 0.],\n",
       "       [0., 0., 0., 0., 0., 0., 0., 0., 0., 0., 0., 0.],\n",
       "       [0., 0., 0., 0., 0., 0., 0., 0., 0., 0., 0., 0.],\n",
       "       [0., 0., 0., 0., 0., 0., 0., 0., 0., 0., 0., 0.],\n",
       "       [0., 0., 0., 0., 0., 0., 0., 0., 0., 0., 0., 0.],\n",
       "       [0., 0., 0., 0., 0., 0., 0., 0., 0., 0., 0., 0.],\n",
       "       [0., 0., 0., 0., 0., 0., 0., 0., 0., 0., 0., 0.],\n",
       "       [0., 0., 0., 0., 0., 0., 0., 0., 0., 0., 0., 0.],\n",
       "       [0., 0., 0., 0., 0., 0., 0., 0., 0., 0., 0., 0.],\n",
       "       [0., 0., 0., 0., 0., 0., 0., 0., 0., 0., 0., 0.]])"
      ]
     },
     "execution_count": 51,
     "metadata": {},
     "output_type": "execute_result"
    }
   ],
   "source": [
    "H(alp,q,dq,l)"
   ]
  },
  {
   "cell_type": "markdown",
   "metadata": {},
   "source": [
    "### Vector of spring forces in the pipe joints"
   ]
  },
  {
   "cell_type": "code",
   "execution_count": 52,
   "metadata": {},
   "outputs": [],
   "source": [
    "def f(q,k):\n",
    "    ans=np.array([k*q[i] for i in range(len(q))])\n",
    "    return ans.reshape(len(q),1)"
   ]
  },
  {
   "cell_type": "markdown",
   "metadata": {},
   "source": [
    "### Vector of gravitational/buoyancy forces"
   ]
  },
  {
   "cell_type": "code",
   "execution_count": 53,
   "metadata": {},
   "outputs": [],
   "source": [
    "def x(alp,i,l):\n",
    "    tmp1=np.dot(np.array(l[:i]),np.cos(np.radians(alp[:i])))\n",
    "\n",
    "    tmp1+=0.5*l[i]*np.cos(np.radians(alp[i]))\n",
    "    return tmp1"
   ]
  },
  {
   "cell_type": "code",
   "execution_count": 54,
   "metadata": {},
   "outputs": [
    {
     "data": {
      "text/plain": [
       "2302.6426759295045"
      ]
     },
     "execution_count": 54,
     "metadata": {},
     "output_type": "execute_result"
    }
   ],
   "source": [
    "x(alp,2,l)"
   ]
  },
  {
   "cell_type": "code",
   "execution_count": 55,
   "metadata": {},
   "outputs": [],
   "source": [
    "def y(alp,i,l):\n",
    "    tmp1=np.dot(np.array(l[:i]),np.sin(np.radians(alp[:i])))\n",
    "    tmp1+=0.5*l[i]*np.sin(np.radians(alp[i]))\n",
    "    return tmp1"
   ]
  },
  {
   "cell_type": "code",
   "execution_count": 56,
   "metadata": {},
   "outputs": [
    {
     "data": {
      "text/plain": [
       "34.62354568140978"
      ]
     },
     "execution_count": 56,
     "metadata": {},
     "output_type": "execute_result"
    }
   ],
   "source": [
    "y(alp,2,l)"
   ]
  },
  {
   "cell_type": "code",
   "execution_count": 57,
   "metadata": {},
   "outputs": [],
   "source": [
    "G=np.array([0,-9.81]).T\n",
    "\n",
    "def ggi(i,G):\n",
    "    return mi[i]*G\n",
    "   \n",
    "    \n",
    "def gbi(G,l,i):\n",
    "    return -3.14*l[i]*(d0**2/4)*qw*G \n",
    "\n",
    "\n",
    "def gt(alp,fip, i): \n",
    "    return -fip*np.radians(alp[i]) # not complete formula\n"
   ]
  },
  {
   "cell_type": "code",
   "execution_count": 58,
   "metadata": {},
   "outputs": [],
   "source": [
    "def g(q,alp):\n",
    "    sum_=0\n",
    "    for i in range(len(q)-1):\n",
    "        sum_+=np.dot(Jv( q,i, l).T,ggi(i,G)+gbi(G,l,i))\n",
    "    tmp = -qw*Awp*(y(alp,len(alp)-1,l)-h)*G \n",
    "    sum_ += np.dot(Jv(q,len(q)-1, l).T, tmp)  #- \\\n",
    "    return sum_.reshape(len(q),1)   "
   ]
  },
  {
   "cell_type": "code",
   "execution_count": 59,
   "metadata": {},
   "outputs": [
    {
     "data": {
      "text/plain": [
       "array([[9.09124511e+11],\n",
       "       [8.13912844e+11],\n",
       "       [7.21780470e+11],\n",
       "       [6.32728006e+11],\n",
       "       [5.46756484e+11],\n",
       "       [4.63867345e+11],\n",
       "       [3.84062442e+11],\n",
       "       [3.07344044e+11],\n",
       "       [2.33714829e+11],\n",
       "       [1.63177891e+11],\n",
       "       [9.57367355e+10],\n",
       "       [3.13952839e+10]])"
      ]
     },
     "execution_count": 59,
     "metadata": {},
     "output_type": "execute_result"
    }
   ],
   "source": [
    "g(q,alp)"
   ]
  },
  {
   "cell_type": "markdown",
   "metadata": {},
   "source": [
    "### Vector of control inputs"
   ]
  },
  {
   "cell_type": "code",
   "execution_count": 60,
   "metadata": {},
   "outputs": [],
   "source": [
    "# Assume that the stinger is shorter than the link length li for any link i\n",
    "def tau_q(q,tau_qn): \n",
    "    ans= np.array([0 for i in range(len(q))]).reshape(len(q),1)\n",
    "    ans[-1] = tau_qn\n",
    "    return ans"
   ]
  },
  {
   "cell_type": "code",
   "execution_count": 61,
   "metadata": {},
   "outputs": [],
   "source": [
    "def Fx(q,alp,dq,kp, kd, x_ref = 0):\n",
    "    return -kp*(x(alp,len(q)-1,l)-x_ref) - kd*mod_Vn(q,alp,dq)"
   ]
  },
  {
   "cell_type": "code",
   "execution_count": 62,
   "metadata": {},
   "outputs": [
    {
     "data": {
      "text/plain": [
       "-312468611.12363374"
      ]
     },
     "execution_count": 62,
     "metadata": {},
     "output_type": "execute_result"
    }
   ],
   "source": [
    "Fx(q,alp,dq,kp, kd, x_ref = 0)"
   ]
  },
  {
   "cell_type": "code",
   "execution_count": 63,
   "metadata": {},
   "outputs": [],
   "source": [
    "F1=np.array([Fx_,0]).reshape(2,1) # actuates the vessel in the surge direction in frame Bn\n",
    "def tau_t(q, F):\n",
    "    tmp= np.dot(Jv(q,len(q)-1, l).T, F)\n",
    "    return tmp"
   ]
  },
  {
   "cell_type": "code",
   "execution_count": 64,
   "metadata": {},
   "outputs": [
    {
     "data": {
      "text/plain": [
       "array([[-5.30084828e+10],\n",
       "       [-5.26090091e+10],\n",
       "       [-5.14105346e+10],\n",
       "       [-4.94128991e+10],\n",
       "       [-4.66158352e+10],\n",
       "       [-4.30189689e+10],\n",
       "       [-3.86218190e+10],\n",
       "       [-3.34237973e+10],\n",
       "       [-2.74242086e+10],\n",
       "       [-2.06222503e+10],\n",
       "       [-1.30170125e+10],\n",
       "       [-4.60747804e+09]])"
      ]
     },
     "execution_count": 64,
     "metadata": {},
     "output_type": "execute_result"
    }
   ],
   "source": [
    "tau_t(q, F1)"
   ]
  },
  {
   "cell_type": "code",
   "execution_count": 65,
   "metadata": {},
   "outputs": [
    {
     "data": {
      "text/plain": [
       "(2.6631578469722688, 706.7797705643477)"
      ]
     },
     "execution_count": 65,
     "metadata": {},
     "output_type": "execute_result"
    }
   ],
   "source": [
    "y(alp,0,l),y(alp,len(q)-1,l)"
   ]
  },
  {
   "cell_type": "code",
   "execution_count": 66,
   "metadata": {},
   "outputs": [],
   "source": [
    "tau_q_wave=9e6 # (taken from article on forces to semi-submersible platform),[N]\n",
    "def tau_wave(q, alp, tau_q_wave): \n",
    "    A0 = tau_q_wave         \n",
    "    k = 0.5          \n",
    "    ans=[]\n",
    "    for i in range(len(q)):\n",
    "        ans.append([tau_q_wave * np.exp(-k * (y(alp,len(q)-1,l)-y(alp,i,l)))  ])   \n",
    "    return np.array(ans)"
   ]
  },
  {
   "cell_type": "code",
   "execution_count": 67,
   "metadata": {},
   "outputs": [],
   "source": [
    "def tau(q, alp, tau_qn, F, tau_q_wave):\n",
    "    return tau_t(q, F) + tau_wave(q, alp, tau_q_wave)"
   ]
  },
  {
   "cell_type": "code",
   "execution_count": 68,
   "metadata": {},
   "outputs": [
    {
     "data": {
      "text/plain": [
       "array([[1.14093985e-146],\n",
       "       [2.34708933e-144],\n",
       "       [9.93968881e-140],\n",
       "       [8.67783035e-133],\n",
       "       [1.56521203e-123],\n",
       "       [5.84920687e-112],\n",
       "       [4.54496504e-098],\n",
       "       [7.37448840e-082],\n",
       "       [2.51113093e-063],\n",
       "       [1.80476991e-042],\n",
       "       [2.75536528e-019],\n",
       "       [9.00000000e+006]])"
      ]
     },
     "execution_count": 68,
     "metadata": {},
     "output_type": "execute_result"
    }
   ],
   "source": [
    "tau_wave(q,alp, tau_q_wave)"
   ]
  },
  {
   "cell_type": "code",
   "execution_count": 69,
   "metadata": {},
   "outputs": [
    {
     "data": {
      "text/plain": [
       "array([[-5.30084828e+10],\n",
       "       [-5.26090091e+10],\n",
       "       [-5.14105346e+10],\n",
       "       [-4.94128991e+10],\n",
       "       [-4.66158352e+10],\n",
       "       [-4.30189689e+10],\n",
       "       [-3.86218190e+10],\n",
       "       [-3.34237973e+10],\n",
       "       [-2.74242086e+10],\n",
       "       [-2.06222503e+10],\n",
       "       [-1.30170125e+10],\n",
       "       [-4.59847804e+09]])"
      ]
     },
     "execution_count": 69,
     "metadata": {},
     "output_type": "execute_result"
    }
   ],
   "source": [
    "tau(q, alp, tau_qn, F1, tau_q_wave)"
   ]
  },
  {
   "cell_type": "code",
   "execution_count": null,
   "metadata": {},
   "outputs": [],
   "source": []
  },
  {
   "cell_type": "markdown",
   "metadata": {},
   "source": [
    "### Static solution"
   ]
  },
  {
   "cell_type": "code",
   "execution_count": 70,
   "metadata": {},
   "outputs": [],
   "source": [
    "alp_=alpha(q)"
   ]
  },
  {
   "cell_type": "code",
   "execution_count": 71,
   "metadata": {
    "scrolled": true
   },
   "outputs": [
    {
     "data": {
