{
 "cells": [
  {
   "cell_type": "markdown",
   "metadata": {},
   "source": [
    "### Model inspired by:\n",
    "- [1] Offshore Pipelaying Dynamics. Gullik Anthon Jensen \n",
    "- [2] Modelling and Control of Offshore Marine Pipeline during Pipelay. Gullik A. Jensen et al"
   ]
  },
  {
   "cell_type": "markdown",
   "metadata": {},
   "source": [
    "### Motion equation used:\n",
    "M(q)q ̈ + C(q,q ̇)q ̇ + H(q,q ̇)q ̇ + f(q) + g(q) = τ"
   ]
  },
  {
   "cell_type": "markdown",
   "metadata": {},
   "source": [
    "### Implementation aspects:"
   ]
  },
  {
   "cell_type": "markdown",
   "metadata": {},
   "source": [
    "- This implementation is more like pseudo steady-state finite difference method (i.e. the model can be applied to normal dynamic pipelay condition as a rough estimate)"
   ]
  },
  {
   "cell_type": "code",
   "execution_count": 1,
   "metadata": {},
   "outputs": [],
   "source": [
    "import numpy as np\n",
    "import math\n",
    "from scipy.integrate import odeint, ode, solve_ivp\n",
    "from scipy.integrate import ode\n",
    "from scipy.misc import derivative\n",
    "from numpy.linalg import inv, pinv\n",
    "import numdifftools as nd\n",
    "import tqdm\n",
    "import functools\n",
    "from datetime import datetime\n",
    "from scipy.optimize import fsolve\n",
    "from scipy.linalg import lu_factor, lu_solve\n",
    "import plotly.graph_objects as go"
   ]
  },
  {
   "cell_type": "code",
   "execution_count": 2,
   "metadata": {},
   "outputs": [],
   "source": [
    "%matplotlib inline"
   ]
  },
  {
   "cell_type": "code",
   "execution_count": 3,
   "metadata": {},
   "outputs": [],
   "source": [
    "import matplotlib.pyplot as plt"
   ]
  },
  {
   "cell_type": "markdown",
   "metadata": {},
   "source": [
    "### Modelling data:"
   ]
  },
  {
   "cell_type": "code",
   "execution_count": 4,
   "metadata": {},
   "outputs": [],
   "source": [
    "N = 18  # Number of simulation nodes"
   ]
  },
  {
   "cell_type": "code",
   "execution_count": 5,
   "metadata": {},
   "outputs": [],
   "source": [
    "pipe_weight_per_unit_length = 59 #  (submerged) [kg/m]  "
   ]
  },
  {
   "cell_type": "code",
   "execution_count": 6,
   "metadata": {},
   "outputs": [],
   "source": [
    "h = 40 # water depth, [m]"
   ]
  },
  {
   "cell_type": "code",
   "execution_count": 7,
   "metadata": {},
   "outputs": [],
   "source": [
    "dq = np.zeros(N) #  these numbers are used for in itial checks only and redefined below"
   ]
  },
  {
   "cell_type": "code",
   "execution_count": 8,
   "metadata": {},
   "outputs": [],
   "source": [
    "# Catenary"
   ]
  },
  {
   "cell_type": "code",
   "execution_count": 9,
   "metadata": {},
   "outputs": [],
   "source": [
    "Ws = pipe_weight_per_unit_length*9.81 # [N/m]"
   ]
  },
  {
   "cell_type": "code",
   "execution_count": 10,
   "metadata": {},
   "outputs": [],
   "source": [
    "def catenary(x,Ws,Fh):\n",
    "    return (Fh/Ws)*(np.cosh(x*Ws/Fh)-1)"
   ]
  },
  {
   "cell_type": "code",
   "execution_count": 11,
   "metadata": {},
   "outputs": [],
   "source": [
    "Fx_0 = 604.76664*1000 # [N] (check catenary calculation script) \n",
    "Fx_ = 552.96894*1000 # [N] (check catenary calculation script) "
   ]
  },
  {
   "cell_type": "code",
   "execution_count": 12,
   "metadata": {},
   "outputs": [],
   "source": [
    "LTD = 255.21207 # [m] (check catenary calculation script) "
   ]
  },
  {
   "cell_type": "code",
   "execution_count": 13,
   "metadata": {},
   "outputs": [],
   "source": [
    "freeSpan=2*(Fx_0/Ws)*(np.sinh(LTD*Ws/(2*Fx_0)))"
   ]
  },
  {
   "cell_type": "code",
   "execution_count": 14,
   "metadata": {},
   "outputs": [
    {
     "data": {
      "text/plain": [
       "255.84693682223448"
      ]
     },
     "execution_count": 14,
     "metadata": {},
     "output_type": "execute_result"
    }
   ],
   "source": [
    "freeSpan"
   ]
  },
  {
   "cell_type": "code",
   "execution_count": 15,
   "metadata": {},
   "outputs": [],
   "source": [
    "delta_x = freeSpan/(N-1)"
   ]
  },
  {
   "cell_type": "code",
   "execution_count": 16,
   "metadata": {},
   "outputs": [],
   "source": [
    "x0 = [i*delta_x for i in range(N+1)]\n",
    "y0 = []\n",
    "for i in range(len(x0)):\n",
    "    y0.append(catenary(x0[i],Ws,Fx_))"
   ]
  },
  {
   "cell_type": "code",
   "execution_count": 17,
   "metadata": {},
   "outputs": [],
   "source": [
    "q=[]\n",
    "l=[]\n",
    "rad_=[0]\n",
    "\n",
    "for i in range(len(x0)-1):\n",
    "    l.append(np.sqrt((x0[i+1]-x0[i])**2+(y0[i+1]-y0[i])**2))\n",
    "    rad =np.arctan2((y0[i+1]-y0[i]),(x0[i+1]-x0[i]))\n",
    "    q.append(rad-rad_[-1]) \n",
    "    rad_.append(rad)"
   ]
  },
  {
   "cell_type": "code",
   "execution_count": 18,
   "metadata": {},
   "outputs": [
    {
     "data": {
      "text/plain": [
       "[15.050286639788043,\n",
       " 15.054021427263505,\n",
       " 15.061491928939942,\n",
       " 15.072699998498472,\n",
       " 15.087648417036197,\n",
       " 15.106340893756691,\n",
       " 15.128782066891121,\n",
       " 15.154977504849974,\n",
       " 15.184933707605776,\n",
       " 15.218658108306993,\n",
       " 15.256159075123993,\n",
       " 15.297445913326577,\n",
       " 15.342528867594734,\n",
       " 15.391419124562374,\n",
       " 15.444128815594802,\n",
       " 15.500671019800956,\n",
       " 15.561059767280822,\n",
       " 15.625310042608874]"
      ]
     },
     "execution_count": 18,
     "metadata": {},
     "output_type": "execute_result"
    }
   ],
   "source": [
    "l"
   ]
  },
  {
   "cell_type": "code",
   "execution_count": null,
   "metadata": {},
   "outputs": [],
   "source": []
  },
  {
   "cell_type": "code",
   "execution_count": 19,
   "metadata": {},
   "outputs": [],
   "source": [
    "pipe_joint_length = l[0]  # [m]\n",
    "mn = 39_989_000 # mass of the vessel, [kg]\n",
    "mn *= 9.81 # [N]"
   ]
  },
  {
   "cell_type": "code",
   "execution_count": 20,
   "metadata": {},
   "outputs": [],
   "source": [
    "# L - the hull length\n",
    "# Xg - x-center of gravity\n",
    "\n",
    "L = 169 # [m]\n",
    "Xg = 78 # [m]"
   ]
  },
  {
   "cell_type": "code",
   "execution_count": 21,
   "metadata": {},
   "outputs": [],
   "source": [
    "# Fossen book p.181\n",
    "def vessel_inertia_moment(mn, Xg, L):\n",
    "    r = 0.25*L\n",
    "    Ir = mn*r**2\n",
    "    Iz = mn*Xg**2 + Ir\n",
    "    return Iz"
   ]
  },
  {
   "cell_type": "code",
   "execution_count": 22,
   "metadata": {},
   "outputs": [],
   "source": [
    "In = vessel_inertia_moment(mn, Xg, L)"
   ]
  },
  {
   "cell_type": "code",
   "execution_count": 23,
   "metadata": {},
   "outputs": [
    {
     "data": {
      "text/plain": [
       "3086970974465.625"
      ]
     },
     "execution_count": 23,
     "metadata": {},
     "output_type": "execute_result"
    }
   ],
   "source": [
    "In"
   ]
  },
  {
   "cell_type": "code",
   "execution_count": null,
   "metadata": {},
   "outputs": [],
   "source": []
  },
  {
   "cell_type": "code",
   "execution_count": 24,
   "metadata": {},
   "outputs": [],
   "source": [
    "mi = [x*pipe_weight_per_unit_length for x in l] # mass of pipe element (submerged), [kg]"
   ]
  },
  {
   "cell_type": "code",
   "execution_count": 25,
   "metadata": {},
   "outputs": [],
   "source": [
    "# for hydrodynamic damping matrix\n",
    "Cd=[0.87 for x in range(N)] # Drag coefficient\n",
    "Cd[-1] = 1.6 "
   ]
  },
  {
   "cell_type": "code",
   "execution_count": 26,
   "metadata": {},
   "outputs": [],
   "source": [
    "# Pipe\n",
    "qw = 1025 # Water density [kg/m3]\n",
    "d0 = 0.508 # Outer diameter of pipe, [m]\n",
    "dI= (508-22.1*2)/1000 # Inner diameter of pipe, [m]"
   ]
  },
  {
   "cell_type": "code",
   "execution_count": 27,
   "metadata": {},
   "outputs": [],
   "source": [
    "# for vector of spring forces in the pipe joints\n",
    "E = 207e9 # modulus of elasticity of steel, [N/m^2]\n",
    "EI = E*3.14/64*(d0**4-dI**4) # Bending stiffness [N*m^2]"
   ]
  },
  {
   "cell_type": "code",
   "execution_count": 28,
   "metadata": {},
   "outputs": [],
   "source": [
    "K = EI"
   ]
  },
  {
   "cell_type": "code",
   "execution_count": 29,
   "metadata": {},
   "outputs": [
    {
     "data": {
      "text/plain": [
       "206414622.87219036"
      ]
     },
     "execution_count": 29,
     "metadata": {},
     "output_type": "execute_result"
    }
   ],
   "source": [
    "K"
   ]
  },
  {
   "cell_type": "code",
   "execution_count": 30,
   "metadata": {},
   "outputs": [],
   "source": [
    "# Time integration params:\n",
    "max_t = 10\n",
    "dt = 0.5\n",
    "t = np.arange(0, max_t, dt)\n",
    "DP_start = -0.1\n",
    "X_REF = LTD+1"
   ]
  },
  {
   "cell_type": "code",
   "execution_count": 31,
   "metadata": {},
   "outputs": [],
   "source": [
    "Awp = 6000 # the waterplane area of the vessel, [m^2]\n",
    "fip = 1e12"
   ]
  },
  {
   "cell_type": "code",
   "execution_count": null,
   "metadata": {},
   "outputs": [],
   "source": []
  },
  {
   "cell_type": "code",
   "execution_count": 32,
   "metadata": {},
   "outputs": [],
   "source": [
    "# (control S-lay shape, can be adjusted for a certain stinger angle)\n",
    "tau_qn = 6e5 # 6e1 # tension in pipe at water level, [N] - for vector of control inputs \n",
    "tau_q_wave = -9e5 # -9e1  # (derived by RAO),[N]"
   ]
  },
  {
   "cell_type": "code",
   "execution_count": 33,
   "metadata": {},
   "outputs": [],
   "source": [
    "# (control S-lay shape, can be adjusted for a certain stinger angle)\n",
    "# (control dynamics)\n",
    "kp = 2.95e1 # 2.95e4\n",
    "kd = 2.5e1 # 2.5e4"
   ]
  },
  {
   "cell_type": "markdown",
   "metadata": {},
   "source": [
    "### System inertia matrix "
   ]
  },
  {
   "cell_type": "code",
   "execution_count": 34,
   "metadata": {},
   "outputs": [],
   "source": [
    "def alpha(q):\n",
    "    sum_=0\n",
    "    ans=[]\n",
    "    for i in range(len(q)):\n",
    "        sum_+=q[i]\n",
    "        ans.append(sum_)\n",
    "    return np.array(ans)"
   ]
  },
  {
   "cell_type": "code",
   "execution_count": 35,
   "metadata": {},
   "outputs": [],
   "source": [
    "def Jv(q, i, l):\n",
    "    alp=alpha(q)\n",
    "    def Jv0(i, k, alp, l):\n",
    "        \n",
    "        if k<i:\n",
    "            tmp1=np.dot(np.array(l[k:i]),np.sin(alp[k:i]))\n",
    "            tmp1=-tmp1-0.5*l[i]*np.sin(alp[i])\n",
    "            \n",
    "            tmp2 =np.dot(np.array(l[k:i]),np.cos(alp[k:i]))\n",
    "            tmp2=tmp2+0.5*l[i]*np.cos(alp[i])\n",
    "                        \n",
    "            return np.array([tmp1, tmp2]).T\n",
    "        elif k==i:\n",
    "            return np.array([-0.5*l[i]*np.sin(alp[i]),\n",
    "                    0.5*l[i]*np.cos(alp[i])]).T\n",
    "        else:\n",
    "            return np.array([0, 0]).T                 \n",
    "    \n",
    "    ans=np.array([Jv0(i, k, alp, l) for k in range(len(q))])\n",
    "    \n",
    "    return ans.T"
   ]
  },
  {
   "cell_type": "code",
   "execution_count": 36,
   "metadata": {},
   "outputs": [
    {
     "data": {
      "text/plain": [
       "array([[-0.77060754, -0.65206837, -0.29642146,  0.        ,  0.        ,\n",
       "         0.        ,  0.        ,  0.        ,  0.        ,  0.        ,\n",
       "         0.        ,  0.        ,  0.        ,  0.        ,  0.        ,\n",
       "         0.        ,  0.        ,  0.        ],\n",
       "       [37.62454953, 22.57472972,  7.52490991,  0.        ,  0.        ,\n",
       "         0.        ,  0.        ,  0.        ,  0.        ,  0.        ,\n",
       "         0.        ,  0.        ,  0.        ,  0.        ,  0.        ,\n",
       "         0.        ,  0.        ,  0.        ]])"
      ]
     },
     "execution_count": 36,
     "metadata": {},
     "output_type": "execute_result"
    }
   ],
   "source": [
    "Jv(q, 2, l)"
   ]
  },
  {
   "cell_type": "code",
   "execution_count": null,
   "metadata": {},
   "outputs": [],
   "source": []
  },
  {
   "cell_type": "code",
   "execution_count": 37,
   "metadata": {},
   "outputs": [],
   "source": [
    "def Jomega(i,q):\n",
    "\n",
    "    def Jomega0(i,k):\n",
    "        if k<=i:\n",
    "            return 1\n",
    "        return 0\n",
    "    ans=np.array([Jomega0(i, k) for k in range(len(q))])\n",
    "   \n",
    "    return ans.reshape(len(q),1).T"
   ]
  },
  {
   "cell_type": "code",
   "execution_count": 38,
   "metadata": {},
   "outputs": [],
   "source": [
    "def M(q, l, mn, In, mi):\n",
    "  \n",
    "    sum1 = mn * np.dot(Jv( q, len(q)-1, l).T, Jv(q, len(q)-1, l))\n",
    "    \n",
    "    sum2 = In * np.dot(Jomega(len(q)-1,q).T, Jomega(len(q)-1,q))\n",
    "\n",
    "    sum3 = 0\n",
    "    \n",
    "    for i in range(len(q)-1):\n",
    "        J_v = Jv(q, i, l)\n",
    "        sum3+=mi[i]*np.dot(J_v.T, J_v)\n",
    "      \n",
    "    return (sum1 + sum2 + sum3)"
   ]
  },
  {
   "cell_type": "code",
   "execution_count": 39,
   "metadata": {},
   "outputs": [
    {
     "data": {
      "text/plain": [
       "array([[3.08229857e+13, 2.92663282e+13, 2.77062699e+13, 2.61428097e+13,\n",
       "        2.45759459e+13, 2.30056755e+13, 2.14319950e+13, 1.98549000e+13,\n",
       "        1.82743852e+13, 1.66904444e+13, 1.51030706e+13, 1.35122562e+13,\n",
       "        1.19179922e+13, 1.03202693e+13, 8.71907704e+12, 7.11440416e+12,\n",
       "        5.50623857e+12, 3.89456731e+12],\n",
       "       [2.92663282e+13, 2.77985325e+13, 2.63273469e+13, 2.48527703e+13,\n",
       "        2.33748008e+13, 2.18934356e+13, 2.04086712e+13, 1.89205032e+13,\n",
       "        1.74289262e+13, 1.59339341e+13, 1.44355201e+13, 1.29336762e+13,\n",
       "        1.14283939e+13, 9.91966366e+12, 8.40747508e+12, 6.89181698e+12,\n",
       "        5.37267730e+12, 3.85004311e+12],\n",
       "       [2.77062699e+13, 2.63273469e+13, 2.49450671e+13, 2.35594291e+13,\n",
       "        2.21704312e+13, 2.07780706e+13, 1.93823437e+13, 1.79832462e+13,\n",
       "        1.65807728e+13, 1.51749175e+13, 1.37656734e+13, 1.23530328e+13,\n",
       "        1.09369871e+13, 9.51752694e+12, 8.09464200e+12, 6.66832122e+12,\n",
       "        5.23855266e+12, 3.80532351e+12],\n",
       "       [2.61428097e+13, 2.48527703e+13, 2.35594291e+13, 2.22627850e+13,\n",
       "        2.09628360e+13, 1.96595792e+13, 1.83530114e+13, 1.70431280e+13,\n",
       "        1.57299241e+13, 1.44133936e+13, 1.30935298e+13, 1.17703252e+13,\n",
       "        1.04437712e+13, 9.11385859e+12, 7.78057735e+12, 6.44391655e+12,\n",
       "        5.10386443e+12, 3.76040843e+12],\n",
       "       [2.45759459e+13, 2.33748008e+13, 2.21704312e+13, 2.09628360e+13,\n",
       "        1.97520130e+13, 1.85379596e+13, 1.73206723e+13, 1.61001468e+13,\n",
       "        1.48763783e+13, 1.36493609e+13, 1.24190879e+13, 1.11855520e+13,\n",
       "        9.94874490e+12, 8.70865764e+12, 7.46528035e+12, 6.21860239e+12,\n",
       "        4.96861228e+12, 3.71529775e+12],\n",
       "       [2.30056755e+13, 2.18934356e+13, 2.07780706e+13, 1.96595792e+13,\n",
       "        1.85379596e+13, 1.74132089e+13, 1.62853238e+13, 1.51543002e+13,\n",
       "        1.40201331e+13, 1.28828170e+13, 1.17423455e+13, 1.05987114e+13,\n",
       "        9.45190676e+12, 8.30192277e+12, 7.14874995e+12, 5.99237796e+12,\n",
       "        4.83279571e+12, 3.66999130e+12],\n",
       "       [2.14319950e+13, 2.04086712e+13, 1.93823437e+13, 1.83530114e+13,\n",
       "        1.73206723e+13, 1.62853238e+13, 1.52469627e+13, 1.42055849e+13,\n",
       "        1.31611855e+13, 1.21137594e+13, 1.10633003e+13, 1.00098013e+13,\n",
       "        8.95325473e+12, 7.89365228e+12, 6.83098475e+12, 5.76524225e+12,\n",
       "        4.69641409e+12, 3.62448886e+12],\n",
       "       [1.98549000e+13, 1.89205032e+13, 1.79832462e+13, 1.70431280e+13,\n",
       "        1.61001468e+13, 1.51543002e+13, 1.42055849e+13, 1.32539969e+13,\n",
       "        1.22995319e+13, 1.13421845e+13, 1.03819489e+13, 9.41881863e+12,\n",
       "        8.45278634e+12, 7.48384406e+12, 6.51198309e+12, 5.53719401e+12,\n",
       "        4.55946665e+12, 3.57879016e+12],\n",
       "       [1.82743852e+13, 1.74289262e+13, 1.65807728e+13, 1.57299241e+13,\n",
       "        1.48763783e+13, 1.40201331e+13, 1.31611855e+13, 1.22995319e+13,\n",
       "        1.14351678e+13, 1.05680883e+13, 9.69828780e+12, 8.82576021e+12,\n",
       "        7.95049866e+12, 7.07249565e+12, 6.19174297e+12, 5.30823177e+12,\n",
       "        4.42195249e+12, 3.53289490e+12],\n",
       "       [1.66904444e+13, 1.59339341e+13, 1.51749175e+13, 1.44133936e+13,\n",
       "        1.36493609e+13, 1.28828170e+13, 1.21137594e+13, 1.13421845e+13,\n",
       "        1.05680883e+13, 9.79146605e+12, 9.01231260e+12, 8.23062215e+12,\n",
       "        7.44638833e+12, 6.65960418e+12, 5.87026210e+12, 5.07835384e+12,\n",
       "        4.28387054e+12, 3.48680270e+12],\n",
       "       [1.51030706e+13, 1.44355201e+13, 1.37656734e+13, 1.30935298e+13,\n",
       "        1.24190879e+13, 1.17423455e+13, 1.10633003e+13, 1.03819489e+13,\n",
       "        9.69828780e+12, 9.01231260e+12, 8.32401849e+12, 7.63340008e+12,\n",
       "        6.94045152e+12, 6.24516643e+12, 5.54753786e+12, 4.84755830e+12,\n",
       "        4.14521962e+12, 3.44051316e+12],\n",
       "       [1.35122562e+13, 1.29336762e+13, 1.23530328e+13, 1.17703252e+13,\n",
       "        1.11855520e+13, 1.05987114e+13, 1.00098013e+13, 9.41881863e+12,\n",
       "        8.82576021e+12, 8.23062215e+12, 7.63340008e+12, 7.03408913e+12,\n",
       "        6.43268394e+12, 5.82917876e+12, 5.22356736e+12, 4.61584299e+12,\n",
       "        4.00599840e+12, 3.39402580e+12],\n",
       "       [1.19179922e+13, 1.14283939e+13, 1.09369871e+13, 1.04437712e+13,\n",
       "        9.94874490e+12, 9.45190676e+12, 8.95325473e+12, 8.45278634e+12,\n",
       "        7.95049866e+12, 7.44638833e+12, 6.94045152e+12, 6.43268394e+12,\n",
       "        5.92308087e+12, 5.41163717e+12, 4.89834736e+12, 4.38320555e+12,\n",
       "        3.86620540e+12, 3.34734012e+12],\n",
       "       [1.03202693e+13, 9.91966366e+12, 9.51752694e+12, 9.11385859e+12,\n",
       "        8.70865764e+12, 8.30192277e+12, 7.89365228e+12, 7.48384406e+12,\n",
       "        7.07249565e+12, 6.65960418e+12, 6.24516643e+12, 5.82917876e+12,\n",
       "        5.41163717e+12, 4.99253728e+12, 4.57187434e+12, 4.14964336e+12,\n",
       "        3.72583901e+12, 3.30045555e+12],\n",
       "       [8.71907704e+12, 8.40747508e+12, 8.09464200e+12, 7.78057735e+12,\n",
       "        7.46528035e+12, 7.14874995e+12, 6.83098475e+12, 6.51198309e+12,\n",
       "        6.19174297e+12, 5.87026210e+12, 5.54753786e+12, 5.22356736e+12,\n",
       "        4.89834736e+12, 4.57187434e+12, 4.24414445e+12, 3.91515359e+12,\n",
       "        3.58489746e+12, 3.25337150e+12],\n",
       "       [7.11440416e+12, 6.89181698e+12, 6.66832122e+12, 6.44391655e+12,\n",
       "        6.21860239e+12, 5.99237796e+12, 5.76524225e+12, 5.53719401e+12,\n",
       "        5.30823177e+12, 5.07835384e+12, 4.84755830e+12, 4.61584299e+12,\n",
       "        4.38320555e+12, 4.14964336e+12, 3.91515359e+12, 3.67973317e+12,\n",
       "        3.44337886e+12, 3.20608729e+12],\n",
       "       [5.50623857e+12, 5.37267730e+12, 5.23855266e+12, 5.10386443e+12,\n",
       "        4.96861228e+12, 4.83279571e+12, 4.69641409e+12, 4.55946665e+12,\n",
       "        4.42195249e+12, 4.28387054e+12, 4.14521962e+12, 4.00599840e+12,\n",
       "        3.86620540e+12, 3.72583901e+12, 3.58489746e+12, 3.44337886e+12,\n",
       "        3.30128116e+12, 3.15860222e+12],\n",
       "       [3.89456731e+12, 3.85004311e+12, 3.80532351e+12, 3.76040843e+12,\n",
       "        3.71529775e+12, 3.66999130e+12, 3.62448886e+12, 3.57879016e+12,\n",
       "        3.53289490e+12, 3.48680270e+12, 3.44051316e+12, 3.39402580e+12,\n",
       "        3.34734012e+12, 3.30045555e+12, 3.25337150e+12, 3.20608729e+12,\n",
       "        3.15860222e+12, 3.11091553e+12]])"
      ]
     },
     "execution_count": 39,
     "metadata": {},
     "output_type": "execute_result"
    }
   ],
   "source": [
    "M(q, l, mn, In, mi)"
   ]
  },
  {
   "cell_type": "code",
   "execution_count": null,
   "metadata": {},
   "outputs": [],
   "source": []
  },
  {
   "cell_type": "markdown",
   "metadata": {},
   "source": [
    "### Coriolis-centripetal matrix"
   ]
  },
  {
   "cell_type": "code",
   "execution_count": 40,
   "metadata": {},
   "outputs": [],
   "source": [
    "def C(q, dq, l, mn, In, mi): \n",
    "    ans = np.zeros((len(q),len(q)))              \n",
    "    fun = lambda q: M(q, l, mn, In, mi)\n",
    "    Dfun = nd.Gradient(fun) \n",
    "    \n",
    "    diff = Dfun(q)\n",
    "\n",
    "    \n",
    "    def c(i,j,k):\n",
    "        return 0.5 *(diff[k].item((i,j))+\n",
    "                     diff[j].item((i,k))-\n",
    "                     diff[i].item((j,k)))\n",
    "    \n",
    "    for i in range(len(q)):\n",
    "        for j in range(len(q)):\n",
    "            for k in range(len(q)):\n",
    "                ans[i][j]+=c(i,j,k)*dq[k]\n",
    "    return ans    "
   ]
  },
  {
   "cell_type": "code",
   "execution_count": 41,
   "metadata": {},
   "outputs": [
    {
     "data": {
      "text/plain": [
       "array([[0., 0., 0., 0., 0., 0., 0., 0., 0., 0., 0., 0., 0., 0., 0., 0.,\n",
       "        0., 0.],\n",
       "       [0., 0., 0., 0., 0., 0., 0., 0., 0., 0., 0., 0., 0., 0., 0., 0.,\n",
       "        0., 0.],\n",
       "       [0., 0., 0., 0., 0., 0., 0., 0., 0., 0., 0., 0., 0., 0., 0., 0.,\n",
       "        0., 0.],\n",
       "       [0., 0., 0., 0., 0., 0., 0., 0., 0., 0., 0., 0., 0., 0., 0., 0.,\n",
       "        0., 0.],\n",
       "       [0., 0., 0., 0., 0., 0., 0., 0., 0., 0., 0., 0., 0., 0., 0., 0.,\n",
       "        0., 0.],\n",
       "       [0., 0., 0., 0., 0., 0., 0., 0., 0., 0., 0., 0., 0., 0., 0., 0.,\n",
       "        0., 0.],\n",
       "       [0., 0., 0., 0., 0., 0., 0., 0., 0., 0., 0., 0., 0., 0., 0., 0.,\n",
       "        0., 0.],\n",
       "       [0., 0., 0., 0., 0., 0., 0., 0., 0., 0., 0., 0., 0., 0., 0., 0.,\n",
       "        0., 0.],\n",
       "       [0., 0., 0., 0., 0., 0., 0., 0., 0., 0., 0., 0., 0., 0., 0., 0.,\n",
       "        0., 0.],\n",
       "       [0., 0., 0., 0., 0., 0., 0., 0., 0., 0., 0., 0., 0., 0., 0., 0.,\n",
       "        0., 0.],\n",
       "       [0., 0., 0., 0., 0., 0., 0., 0., 0., 0., 0., 0., 0., 0., 0., 0.,\n",
       "        0., 0.],\n",
       "       [0., 0., 0., 0., 0., 0., 0., 0., 0., 0., 0., 0., 0., 0., 0., 0.,\n",
       "        0., 0.],\n",
       "       [0., 0., 0., 0., 0., 0., 0., 0., 0., 0., 0., 0., 0., 0., 0., 0.,\n",
       "        0., 0.],\n",
       "       [0., 0., 0., 0., 0., 0., 0., 0., 0., 0., 0., 0., 0., 0., 0., 0.,\n",
       "        0., 0.],\n",
       "       [0., 0., 0., 0., 0., 0., 0., 0., 0., 0., 0., 0., 0., 0., 0., 0.,\n",
       "        0., 0.],\n",
       "       [0., 0., 0., 0., 0., 0., 0., 0., 0., 0., 0., 0., 0., 0., 0., 0.,\n",
       "        0., 0.],\n",
       "       [0., 0., 0., 0., 0., 0., 0., 0., 0., 0., 0., 0., 0., 0., 0., 0.,\n",
       "        0., 0.],\n",
       "       [0., 0., 0., 0., 0., 0., 0., 0., 0., 0., 0., 0., 0., 0., 0., 0.,\n",
       "        0., 0.]])"
      ]
     },
     "execution_count": 41,
     "metadata": {},
     "output_type": "execute_result"
    }
   ],
   "source": [
    "C(q, dq, l, mn, In, mi)"
   ]
  },
  {
   "cell_type": "markdown",
   "metadata": {},
   "source": [
    "### Hydrodynamic damping matrix"
   ]
  },
  {
   "cell_type": "code",
   "execution_count": 42,
   "metadata": {},
   "outputs": [],
   "source": [
    "def R_I_Bi(i, alp):\n",
    "    return np.array([[np.cos(alp[i]), -np.sin(alp[i])],\n",
    "                    [np.sin(alp[i]), np.cos(alp[i])]])"
   ]
  },
  {
   "cell_type": "code",
   "execution_count": 43,
   "metadata": {},
   "outputs": [],
   "source": [
    "alp=alpha(q)\n",
    "dalp=alpha(dq)"
   ]
  },
  {
   "cell_type": "code",
   "execution_count": 44,
   "metadata": {},
   "outputs": [
    {
     "data": {
      "text/plain": [
       "array([[ 0.99922504, -0.0393615 ],\n",
       "       [ 0.0393615 ,  0.99922504]])"
      ]
     },
     "execution_count": 44,
     "metadata": {},
     "output_type": "execute_result"
    }
   ],
   "source": [
    "R_I_Bi(2, alp)"
   ]
  },
  {
   "cell_type": "code",
   "execution_count": 45,
   "metadata": {},
   "outputs": [],
   "source": [
    "I_=np.array([[0,0],\n",
    "             [0,1]])"
   ]
  },
  {
   "cell_type": "code",
   "execution_count": 46,
   "metadata": {},
   "outputs": [],
   "source": [
    "def Pi(i,alp):\n",
    "    return np.dot(np.dot(R_I_Bi(i, alp),I_),R_I_Bi(i, alp).T)"
   ]
  },
  {
   "cell_type": "code",
   "execution_count": 47,
   "metadata": {},
   "outputs": [],
   "source": [
    "def mod_Vn(q, alp, dq):\n",
    "    ans=[]\n",
    "    for j in range(len(q)):\n",
    "        ans.append(np.dot(np.dot(Pi(j,alp),Jv( q,j, l)), dq))\n",
    "    return np.linalg.norm(np.array(ans))"
   ]
  },
  {
   "cell_type": "code",
   "execution_count": 48,
   "metadata": {},
   "outputs": [
    {
     "data": {
      "text/plain": [
       "0.0"
      ]
     },
     "execution_count": 48,
     "metadata": {},
     "output_type": "execute_result"
    }
   ],
   "source": [
    "mod_Vn(q,alp,dq)"
   ]
  },
  {
   "cell_type": "code",
   "execution_count": 49,
   "metadata": {},
   "outputs": [],
   "source": [
    "def mod_Vni(i,q,alp,dq):\n",
    "    return np.linalg.norm(np.dot(np.dot(Pi(i,alp),Jv( q,i, l)), dq))"
   ]
  },
  {
   "cell_type": "code",
   "execution_count": 50,
   "metadata": {},
   "outputs": [
    {
     "data": {
      "text/plain": [
       "0.0"
      ]
     },
     "execution_count": 50,
     "metadata": {},
     "output_type": "execute_result"
    }
   ],
   "source": [
    "mod_Vni(len(q)-1,q,alp,dq)"
   ]
  },
  {
   "cell_type": "code",
   "execution_count": 51,
   "metadata": {},
   "outputs": [],
   "source": [
    "def gamma(i):\n",
    "    return 0.5*Cd[i]*qw*d0*l[i]"
   ]
  },
  {
   "cell_type": "code",
   "execution_count": 52,
   "metadata": {},
   "outputs": [],
   "source": [
    "def H(alp,q,dq,l):\n",
    "    ans=np.zeros((len(q), len(q)))\n",
    "    alp=alpha(q)\n",
    "    for j in range(len(q)):\n",
    "        ans+=gamma(j)*mod_Vni(j,q,alp,dq)*np.dot(np.dot(Jv(q,j,l).T,Pi(j,alp)),Jv( q,j, l))\n",
    "    return ans    "
   ]
  },
  {
   "cell_type": "code",
   "execution_count": 53,
   "metadata": {},
   "outputs": [
    {
     "data": {
      "text/plain": [
       "array([0.00787629, 0.02362691, 0.03937167, 0.05510667, 0.07082803,\n",
       "       0.08653187, 0.10221435, 0.11787164, 0.13349995, 0.14909553,\n",
       "       0.16465466, 0.18017367, 0.19564894, 0.21107689, 0.226454  ,\n",
       "       0.24177683, 0.25704198, 0.27224612])"
      ]
     },
     "execution_count": 53,
     "metadata": {},
     "output_type": "execute_result"
    }
   ],
   "source": [
    "alp"
   ]
  },
  {
   "cell_type": "code",
   "execution_count": 54,
   "metadata": {},
   "outputs": [
    {
     "data": {
      "text/plain": [
       "array([[0., 0., 0., 0., 0., 0., 0., 0., 0., 0., 0., 0., 0., 0., 0., 0.,\n",
       "        0., 0.],\n",
       "       [0., 0., 0., 0., 0., 0., 0., 0., 0., 0., 0., 0., 0., 0., 0., 0.,\n",
       "        0., 0.],\n",
       "       [0., 0., 0., 0., 0., 0., 0., 0., 0., 0., 0., 0., 0., 0., 0., 0.,\n",
       "        0., 0.],\n",
       "       [0., 0., 0., 0., 0., 0., 0., 0., 0., 0., 0., 0., 0., 0., 0., 0.,\n",
       "        0., 0.],\n",
       "       [0., 0., 0., 0., 0., 0., 0., 0., 0., 0., 0., 0., 0., 0., 0., 0.,\n",
       "        0., 0.],\n",
       "       [0., 0., 0., 0., 0., 0., 0., 0., 0., 0., 0., 0., 0., 0., 0., 0.,\n",
       "        0., 0.],\n",
       "       [0., 0., 0., 0., 0., 0., 0., 0., 0., 0., 0., 0., 0., 0., 0., 0.,\n",
       "        0., 0.],\n",
       "       [0., 0., 0., 0., 0., 0., 0., 0., 0., 0., 0., 0., 0., 0., 0., 0.,\n",
       "        0., 0.],\n",
       "       [0., 0., 0., 0., 0., 0., 0., 0., 0., 0., 0., 0., 0., 0., 0., 0.,\n",
       "        0., 0.],\n",
       "       [0., 0., 0., 0., 0., 0., 0., 0., 0., 0., 0., 0., 0., 0., 0., 0.,\n",
       "        0., 0.],\n",
       "       [0., 0., 0., 0., 0., 0., 0., 0., 0., 0., 0., 0., 0., 0., 0., 0.,\n",
       "        0., 0.],\n",
       "       [0., 0., 0., 0., 0., 0., 0., 0., 0., 0., 0., 0., 0., 0., 0., 0.,\n",
       "        0., 0.],\n",
       "       [0., 0., 0., 0., 0., 0., 0., 0., 0., 0., 0., 0., 0., 0., 0., 0.,\n",
       "        0., 0.],\n",
       "       [0., 0., 0., 0., 0., 0., 0., 0., 0., 0., 0., 0., 0., 0., 0., 0.,\n",
       "        0., 0.],\n",
       "       [0., 0., 0., 0., 0., 0., 0., 0., 0., 0., 0., 0., 0., 0., 0., 0.,\n",
       "        0., 0.],\n",
       "       [0., 0., 0., 0., 0., 0., 0., 0., 0., 0., 0., 0., 0., 0., 0., 0.,\n",
       "        0., 0.],\n",
       "       [0., 0., 0., 0., 0., 0., 0., 0., 0., 0., 0., 0., 0., 0., 0., 0.,\n",
       "        0., 0.],\n",
       "       [0., 0., 0., 0., 0., 0., 0., 0., 0., 0., 0., 0., 0., 0., 0., 0.,\n",
       "        0., 0.]])"
      ]
     },
     "execution_count": 54,
     "metadata": {},
     "output_type": "execute_result"
    }
   ],
   "source": [
    "H(alp,q,dq,l)"
   ]
  },
  {
   "cell_type": "markdown",
   "metadata": {},
   "source": [
    "### Vector of spring forces in the pipe joints"
   ]
  },
  {
   "cell_type": "code",
   "execution_count": 55,
   "metadata": {},
   "outputs": [],
   "source": [
    "def f(q,k):\n",
    "    ans=np.array([k*q[i] for i in range(len(q))])\n",
    "    return ans.reshape(len(q),1)"
   ]
  },
  {
   "cell_type": "markdown",
   "metadata": {},
   "source": [
    "### Vector of gravitational/buoyancy forces"
   ]
  },
  {
   "cell_type": "code",
   "execution_count": 56,
   "metadata": {},
   "outputs": [],
   "source": [
    "def x(alp,i,l):\n",
    "    tmp1=np.dot(np.array(l[:i]),np.cos(alp[:i]))\n",
    "\n",
    "    tmp1+=0.5*l[i]*np.cos(alp[i])\n",
    "    return tmp1"
   ]
  },
  {
   "cell_type": "code",
   "execution_count": 57,
   "metadata": {},
   "outputs": [
    {
     "data": {
      "text/plain": [
       "37.62454953268154"
      ]
     },
     "execution_count": 57,
     "metadata": {},
     "output_type": "execute_result"
    }
   ],
   "source": [
    "x(alp,2,l)"
   ]
  },
  {
   "cell_type": "code",
   "execution_count": 58,
   "metadata": {},
   "outputs": [],
   "source": [
    "def y(alp,i,l):\n",
    "    tmp1=np.dot(np.array(l[:i]),np.sin(alp[:i]))\n",
    "    tmp1+=0.5*l[i]*np.sin(alp[i])\n",
    "    return tmp1"
   ]
  },
  {
   "cell_type": "code",
   "execution_count": 59,
   "metadata": {},
   "outputs": [
    {
     "data": {
      "text/plain": [
       "0.7706075350952445"
      ]
     },
     "execution_count": 59,
     "metadata": {},
     "output_type": "execute_result"
    }
   ],
   "source": [
    "y(alp,2,l)"
   ]
  },
  {
   "cell_type": "code",
   "execution_count": 60,
   "metadata": {},
   "outputs": [],
   "source": [
    "G=np.array([0,-9.81]).T\n",
    "\n",
    "def ggi(i,G):\n",
    "    return mi[i]*G\n",
    "   \n",
    "    \n",
    "def gbi(G,l,i):\n",
    "    return -3.14*l[i]*(d0**2/4)*qw*G \n",
    "\n",
    "\n",
    "def gt(alp, dalp, fip, i): \n",
    "    return -fip*(alp[i] - dalp[i])\n"
   ]
  },
  {
   "cell_type": "code",
   "execution_count": 61,
   "metadata": {},
   "outputs": [],
   "source": [
    "def g(q, alp, dalp):\n",
    "    sum_=0\n",
    "    for i in range(len(q)-1):\n",
    "        sum_+=np.dot(Jv( q,i, l).T,ggi(i,G)+gbi(G,l,i))\n",
    "    tmp = -qw*Awp*(y(alp,len(alp)-1,l)-h)*G \n",
    "    sum_ += np.dot(Jv(q,len(q)-1, l).T, tmp) \n",
    "    ans = sum_.reshape(len(q),1) +np.dot(Jomega(len(q)-1,q).T, gt(alp,dalp,fip, len(q)-1))\n",
    "    return  ans "
   ]
  },
  {
   "cell_type": "code",
   "execution_count": 62,
   "metadata": {},
   "outputs": [
    {
     "data": {
      "text/plain": [
       "array([[-3.26808354e+11],\n",
       "       [-3.23693252e+11],\n",
       "       [-3.20577820e+11],\n",
       "       [-3.17462058e+11],\n",
       "       [-3.14345965e+11],\n",
       "       [-3.11229541e+11],\n",
       "       [-3.08112786e+11],\n",
       "       [-3.04995699e+11],\n",
       "       [-3.01878280e+11],\n",
       "       [-2.98760528e+11],\n",
       "       [-2.95642442e+11],\n",
       "       [-2.92524022e+11],\n",
       "       [-2.89405267e+11],\n",
       "       [-2.86286175e+11],\n",
       "       [-2.83166746e+11],\n",
       "       [-2.80046979e+11],\n",
       "       [-2.76926872e+11],\n",
       "       [-2.73806425e+11]])"
      ]
     },
     "execution_count": 62,
     "metadata": {},
     "output_type": "execute_result"
    }
   ],
   "source": [
    "g(q,alp, dalp)"
   ]
  },
  {
   "cell_type": "code",
   "execution_count": null,
   "metadata": {},
   "outputs": [],
   "source": []
  },
  {
   "cell_type": "markdown",
   "metadata": {},
   "source": [
    "### Vector of control inputs"
   ]
  },
  {
   "cell_type": "code",
   "execution_count": 63,
   "metadata": {},
   "outputs": [],
   "source": [
    "# Assume that the stinger is shorter than the link length li for any link i\n",
    "def tau_q(q,tau_qn): \n",
    "    ans= np.array([0 for i in range(len(q))]).reshape(len(q),1)\n",
    "    ans[-1] = tau_qn\n",
    "    return ans"
   ]
  },
  {
   "cell_type": "code",
   "execution_count": 64,
   "metadata": {},
   "outputs": [],
   "source": [
    "def Fx(q,alp,dq,kp, kd, x_ref = 0):\n",
    "    return -kp*(x(alp,len(q)-1,l)-x_ref) - kd*mod_Vn(q,alp,dq)"
   ]
  },
  {
   "cell_type": "code",
   "execution_count": 65,
   "metadata": {},
   "outputs": [
    {
     "data": {
      "text/plain": [
       "-211.21341349873674"
      ]
     },
     "execution_count": 65,
     "metadata": {},
     "output_type": "execute_result"
    }
   ],
   "source": [
    "Fx(q,alp,dq,kp, kd, x_ref = X_REF)"
   ]
  },
  {
   "cell_type": "code",
   "execution_count": 66,
   "metadata": {},
   "outputs": [],
   "source": [
    "# F1=np.array([Fx_,0]).reshape(2,1) # actuates the vessel in the surge direction in frame Bn\n",
    "F1= np.array([-Fx(q, alp, dq, kp, kd, x_ref = X_REF),0]).reshape(2,1) \n",
    "def tau_t(q, F):\n",
    "    tmp= np.dot(Jv(q,len(q)-1, l).T, F)\n",
    "    return tmp"
   ]
  },
  {
   "cell_type": "code",
   "execution_count": 67,
   "metadata": {},
   "outputs": [
    {
     "data": {
      "text/plain": [
       "array([[-7722.61993617],\n",
       "       [-7697.58287432],\n",
       "       [-7622.46547588],\n",
       "       [-7497.24910054],\n",
       "       [-7321.90267602],\n",
       "       [-7096.38269032],\n",
       "       [-6820.63318092],\n",
       "       [-6494.58572093],\n",
       "       [-6118.15940205],\n",
       "       [-5691.26081457],\n",
       "       [-5213.78402412],\n",
       "       [-4685.61054541],\n",
       "       [-4106.60931285],\n",
       "       [-3476.63664797],\n",
       "       [-2795.53622384],\n",
       "       [-2063.13902621],\n",
       "       [-1279.26331162],\n",
       "       [ -443.71456226]])"
      ]
     },
     "execution_count": 67,
     "metadata": {},
     "output_type": "execute_result"
    }
   ],
   "source": [
    "tau_t(q, F1)"
   ]
  },
  {
   "cell_type": "code",
   "execution_count": null,
   "metadata": {},
   "outputs": [],
   "source": []
  },
  {
   "cell_type": "code",
   "execution_count": 68,
   "metadata": {},
   "outputs": [
    {
     "data": {
      "text/plain": [
       "(0.05926958290173812, 36.563113148177294)"
      ]
     },
     "execution_count": 68,
     "metadata": {},
     "output_type": "execute_result"
    }
   ],
   "source": [
    "y(alp,0,l),y(alp,len(q)-1,l)"
   ]
  },
  {
   "cell_type": "code",
   "execution_count": 69,
   "metadata": {},
   "outputs": [],
   "source": [
    "def tau_wave(q, alp, tau_q_wave): \n",
    "    A0 = tau_q_wave         \n",
    "    k = 0.5          \n",
    "    ans=[]\n",
    "    for i in range(len(q)):\n",
    "        ans.append([tau_q_wave * np.exp(-k * (y(alp,len(q)-1,l)-y(alp,i,l)))  ])   \n",
    "    return np.array(ans)"
   ]
  },
  {
   "cell_type": "code",
   "execution_count": 70,
   "metadata": {},
   "outputs": [],
   "source": [
    "def tau(q, alp, tau_qn, F, tau_q_wave):\n",
    "    return tau_t(q, F) + tau_wave(q, alp, tau_q_wave) +tau_q(q,tau_qn)"
   ]
  },
  {
   "cell_type": "code",
   "execution_count": 71,
   "metadata": {},
   "outputs": [
    {
     "data": {
      "text/plain": [
       "array([[-1.06545128e-02],\n",
       "       [-1.19954818e-02],\n",
       "       [-1.52054287e-02],\n",
       "       [-2.17021156e-02],\n",
       "       [-3.48791784e-02],\n",
       "       [-6.31309499e-02],\n",
       "       [-1.28704653e-01],\n",
       "       [-2.95596156e-01],\n",
       "       [-7.64971995e-01],\n",
       "       [-2.23119219e+00],\n",
       "       [-7.33649254e+00],\n",
       "       [-2.72037211e+01],\n",
       "       [-1.13788327e+02],\n",
       "       [-5.37094733e+02],\n",
       "       [-2.86190424e+03],\n",
       "       [-1.72222795e+04],\n",
       "       [-1.17098387e+05],\n",
       "       [-9.00000000e+05]])"
      ]
     },
     "execution_count": 71,
     "metadata": {},
     "output_type": "execute_result"
    }
   ],
   "source": [
    "tau_wave(q,alp, tau_q_wave)"
   ]
  },
  {
   "cell_type": "code",
   "execution_count": 72,
   "metadata": {},
   "outputs": [
    {
     "data": {
      "text/plain": [
       "array([[  -7722.63059068],\n",
       "       [  -7697.59486981],\n",
       "       [  -7622.48068131],\n",
       "       [  -7497.27080266],\n",
       "       [  -7321.9375552 ],\n",
       "       [  -7096.44582127],\n",
       "       [  -6820.76188557],\n",
       "       [  -6494.88131708],\n",
       "       [  -6118.92437405],\n",
       "       [  -5693.49200677],\n",
       "       [  -5221.12051666],\n",
       "       [  -4712.8142665 ],\n",
       "       [  -4220.39763987],\n",
       "       [  -4013.73138117],\n",
       "       [  -5657.44046547],\n",
       "       [ -19285.4184893 ],\n",
       "       [-118377.64987962],\n",
       "       [-300443.71456226]])"
      ]
     },
     "execution_count": 72,
     "metadata": {},
     "output_type": "execute_result"
    }
   ],
   "source": [
    "tau(q, alp, tau_qn, F1, tau_q_wave)"
   ]
  },
  {
   "cell_type": "code",
   "execution_count": null,
   "metadata": {},
   "outputs": [],
   "source": []
  },
  {
   "cell_type": "code",
   "execution_count": 73,
   "metadata": {},
   "outputs": [
    {
     "data": {
      "text/plain": [
       "[0.007876287958076116,\n",
       " 0.015750621667397373,\n",
       " 0.015744761344810867,\n",
       " 0.015735002212131012,\n",
       " 0.015721356351322963,\n",
       " 0.015703840625867924,\n",
       " 0.015682476630278178,\n",
       " 0.015657290625222184,\n",
       " 0.015628313459152582,\n",
       " 0.015595580476634868,\n",
       " 0.015559131414193655,\n",
       " 0.015519010283571444,\n",
       " 0.015475265243992675,\n",
       " 0.015427948463230284,\n",
       " 0.015377115968655708,\n",
       " 0.015322827489073626,\n",
       " 0.015265146287926412,\n",
       " 0.015204138988862359]"
      ]
     },
     "execution_count": 73,
     "metadata": {},
     "output_type": "execute_result"
    }
   ],
   "source": [
    "q"
   ]
  },
  {
   "cell_type": "code",
   "execution_count": null,
   "metadata": {},
   "outputs": [],
   "source": []
  },
  {
   "cell_type": "markdown",
   "metadata": {},
   "source": [
