{
 "cells": [
  {
   "cell_type": "markdown",
   "id": "19e5e030",
   "metadata": {},
   "source": [
    "### Model inspired by:"
   ]
  },
  {
   "cell_type": "markdown",
   "id": "35f0fe4f",
   "metadata": {},
   "source": [
    "- [1] Offshore Pipelaying Dynamics. Gullik Anthon Jensen\n",
    "- [2] A nonlinear PDE formulation for offshore vessel pipeline installation. Gullik A. Jensen et al\n",
    "- [3] Modeling and Control of Offshore Pipelay Operations Based on a Finite Strain Pipe Model. Gullik A. Jensen"
   ]
  },
  {
   "cell_type": "markdown",
   "id": "035b3ad2",
   "metadata": {},
   "source": [
    "### Implementation aspects:"
   ]
  },
  {
   "cell_type": "markdown",
   "id": "50d4d24c",
   "metadata": {},
   "source": [
    "- This implementation is more like pseudo steady-state finite difference method rather than fully dynamic FEM (i.e. the model can be applied to normal dynamic pipelay condition as a rough estimate)"
   ]
  },
  {
   "cell_type": "code",
   "execution_count": 1,
   "id": "ff0c7f8e",
   "metadata": {},
   "outputs": [],
   "source": [
    "import numpy as np\n",
    "import inspect\n",
    "import matplotlib.pyplot as plt\n",
    "import scipy\n",
    "from datetime import datetime\n",
    "from scipy.optimize import root\n",
    "from scipy.integrate import solve_ivp\n",
    "from scipy import interpolate"
   ]
  },
  {
   "cell_type": "code",
   "execution_count": 2,
   "id": "4f9b7a4e",
   "metadata": {},
   "outputs": [],
   "source": [
    "import sys"
   ]
  },
  {
   "cell_type": "code",
   "execution_count": 3,
   "id": "8dfe725c",
   "metadata": {},
   "outputs": [],
   "source": [
    "sys.path.insert(0, \"../../../miscellaneous/Ocean_Intella_1/PythonVehicleSimulator-master/src/python_vehicle_simulator\")\n",
    "sys.path.insert(0, \"../../../miscellaneous/Ocean_Intella_1/PythonVehicleSimulator-master/src\")"
   ]
  },
  {
   "cell_type": "code",
   "execution_count": 4,
   "id": "1236e5d7",
   "metadata": {},
   "outputs": [],
   "source": [
    "from python_vehicle_simulator.vehicles import *\n",
    "from python_vehicle_simulator.lib import *\n",
    "from python_vehicle_simulator.lib.gnc import ssa"
   ]
  },
  {
   "cell_type": "markdown",
   "id": "cbf59e93",
   "metadata": {},
   "source": [
    "### Modelling data:"
   ]
  },
  {
   "cell_type": "code",
   "execution_count": 5,
   "id": "71fb86df",
   "metadata": {},
   "outputs": [],
   "source": [
    "mp = 96       #  (submerged pipe weight) [kg/m]\n",
    "N = 40        # number of modelling nodes"
   ]
  },
  {
   "cell_type": "code",
   "execution_count": 6,
   "id": "078ebcd3",
   "metadata": {},
   "outputs": [],
   "source": [
    "mi = [mp for i in range(N)]"
   ]
  },
  {
   "cell_type": "code",
   "execution_count": 7,
   "id": "135037ff",
   "metadata": {},
   "outputs": [],
   "source": [
    "# Vessel:\n",
    "\n",
    "# L - the hull length\n",
    "# Xg - x-center of gravity\n",
    "\n",
    "L = 84.6 # [m]\n",
    "B = 12\n",
    "H = 13\n",
    "Xg = L/2 # [m]\n",
    "mn = 27_162_500 #123_000_000   # mass of the vessel, [kg]"
   ]
  },
  {
   "cell_type": "code",
   "execution_count": 8,
   "id": "11343e19",
   "metadata": {},
   "outputs": [],
   "source": [
    "lx, ly, lz = L/2, B/2, H/2"
   ]
  },
  {
   "cell_type": "code",
   "execution_count": 9,
   "id": "35a61f23",
   "metadata": {},
   "outputs": [],
   "source": [
    "vessel_mass = mn/L # mass over length of the vessel"
   ]
  },
  {
   "cell_type": "code",
   "execution_count": 10,
   "id": "e059b9f5",
   "metadata": {},
   "outputs": [],
   "source": [
    "diag_Jrho0 = 1e2*np.array([1, 1, 2]) # [m^4] \n",
    "Jrho0 = np.diag(diag_Jrho0)"
   ]
  },
  {
   "cell_type": "code",
   "execution_count": 11,
   "id": "1e1faac7",
   "metadata": {},
   "outputs": [],
   "source": [
    "qw = 1025 # Water density [kg/m3]\n",
    "d0 = 0.761 # Outer diameter of pipe, [m]\n",
    "dI= 0.69 # Inner diameter of pipe, [m]"
   ]
  },
  {
   "cell_type": "code",
   "execution_count": 12,
   "id": "ab672d64",
   "metadata": {},
   "outputs": [],
   "source": [
    "Ar=np.pi*((d0/2)**2-(dI/2)**2)   "
   ]
  },
  {
   "cell_type": "code",
   "execution_count": 13,
   "id": "fcfa4c2b",
   "metadata": {},
   "outputs": [],
   "source": [
    "E = 210e9"
   ]
  },
  {
   "cell_type": "code",
   "execution_count": 14,
   "id": "3390bb01",
   "metadata": {},
   "outputs": [],
   "source": [
    "h = 100 # water depth"
   ]
  },
  {
   "cell_type": "code",
   "execution_count": 15,
   "id": "3b1c23d4",
   "metadata": {},
   "outputs": [],
   "source": [
    "# Fossen book p.181\n",
    "def vessel_inertia_moment(mn, Xg, L):\n",
    "    r = 0.25*L\n",
    "    Ir = mn*r**2\n",
    "    Iz=mn*Xg**2 + Ir\n",
    "    return Iz"
   ]
  },
  {
   "cell_type": "code",
   "execution_count": 16,
   "id": "3130de25",
   "metadata": {},
   "outputs": [],
   "source": [
    "vessel_inertia = vessel_inertia_moment(mn, Xg, L)"
   ]
  },
  {
   "cell_type": "code",
   "execution_count": 17,
   "id": "dad0a53f",
   "metadata": {},
   "outputs": [],
   "source": [
    "# Underwater current: \n",
    "dv1_curr = np.zeros(N)\n",
    "dv2_curr = np.zeros(N)\n",
    "dv3_curr = np.zeros(N)"
   ]
  },
  {
   "cell_type": "code",
   "execution_count": 18,
   "id": "f79fe3c2",
   "metadata": {},
   "outputs": [],
   "source": [
    "# Constants: "
   ]
  },
  {
   "cell_type": "code",
   "execution_count": 19,
   "id": "3d218c84",
   "metadata": {},
   "outputs": [],
   "source": [
    "diag_DT = 1.5*np.array([1, 1, 1])\n",
    "DT=np.diag(diag_DT)"
   ]
  },
  {
   "cell_type": "code",
   "execution_count": 20,
   "id": "ad017d72",
   "metadata": {},
   "outputs": [],
   "source": [
    "diag_CT = 1e9*np.array([1, 1, 1 ])  \n",
    "CT=np.diag(diag_CT)"
   ]
  },
  {
   "cell_type": "code",
   "execution_count": 21,
   "id": "0bd019e9",
   "metadata": {},
   "outputs": [],
   "source": [
    "diag_CR = 1e11*np.array([1, 1, 1])\n",
    "CR=np.diag(diag_CR)"
   ]
  },
  {
   "cell_type": "code",
   "execution_count": 22,
   "id": "823a132c",
   "metadata": {},
   "outputs": [],
   "source": [
    "diag_DR = 1.5*np.array([1, 1, 1])\n",
    "DR=np.diag(diag_DR)"
   ]
  },
  {
   "cell_type": "code",
   "execution_count": 23,
   "id": "b76bd52e",
   "metadata": {},
   "outputs": [],
   "source": [
    "# for testing:"
   ]
  },
  {
   "cell_type": "code",
   "execution_count": 24,
   "id": "10440652",
   "metadata": {},
   "outputs": [],
   "source": [
    "φ = np.random.rand(N)\n",
    "θ = np.random.rand(N)\n",
    "ψ = np.random.rand(N)"
   ]
  },
  {
   "cell_type": "code",
   "execution_count": 25,
   "id": "e241450c",
   "metadata": {},
   "outputs": [
    {
     "data": {
      "text/plain": [
       "array([0.54450423, 0.25960252, 0.19571401, 0.79537489, 0.15242418,\n",
       "       0.70519359, 0.48492233, 0.45193437, 0.3696853 , 0.534457  ,\n",
       "       0.64670386, 0.05742865, 0.56848151, 0.17689606, 0.35943371,\n",
       "       0.31006234, 0.01100834, 0.51832401, 0.70878659, 0.73641418,\n",
       "       0.2805132 , 0.65138258, 0.57267109, 0.12017952, 0.97265635,\n",
       "       0.33696188, 0.52123515, 0.90115009, 0.37825523, 0.25742131,\n",
       "       0.21943196, 0.38353799, 0.70698116, 0.75515619, 0.5595737 ,\n",
       "       0.89951561, 0.01741356, 0.69321999, 0.56232838, 0.909583  ])"
      ]
     },
     "execution_count": 25,
     "metadata": {},
     "output_type": "execute_result"
    }
   ],
   "source": [
    "φ"
   ]
  },
  {
   "cell_type": "code",
   "execution_count": 26,
   "id": "eaf2e063",
   "metadata": {},
   "outputs": [],
   "source": [
    "dφ = np.random.rand(N)\n",
    "dθ = np.random.rand(N)\n",
    "dψ = np.random.rand(N)"
   ]
  },
  {
   "cell_type": "code",
   "execution_count": 27,
   "id": "edb0578a",
   "metadata": {},
   "outputs": [],
   "source": [
    "ddφ = np.random.rand(N)\n",
    "ddθ = np.random.rand(N)\n",
    "ddψ = np.random.rand(N)"
   ]
  },
  {
   "cell_type": "code",
   "execution_count": 28,
   "id": "387efa0b",
   "metadata": {},
   "outputs": [],
   "source": [
    "x = np.random.rand(N)\n",
    "y = np.random.rand(N)\n",
    "z = np.random.rand(N)"
   ]
  },
  {
   "cell_type": "code",
   "execution_count": 29,
   "id": "79cb60e0",
   "metadata": {},
   "outputs": [],
   "source": [
    "dx = np.random.rand(N)\n",
    "dy = np.random.rand(N)\n",
    "dz = np.random.rand(N)"
   ]
  },
  {
   "cell_type": "code",
   "execution_count": null,
   "id": "b918b702",
   "metadata": {},
   "outputs": [],
   "source": []
  },
  {
   "cell_type": "markdown",
   "id": "58072ba2",
   "metadata": {},
   "source": [
    "### Main functions:"
   ]
  },
  {
   "cell_type": "code",
   "execution_count": 30,
   "id": "7845e5ab",
   "metadata": {},
   "outputs": [],
   "source": [
    "def Π0(φθψ):\n",
    "    φ0,θ0,ψ0=φθψ\n",
    "    return np.array([[np.cos(θ0),0,np.cos(φ0)*np.sin(θ0)],\n",
    "                  [0,1,-np.sin(φ0)],\n",
    "                  [-np.sin(θ0),0,np.cos(φ0)*np.cos(θ0)]])"
   ]
  },
  {
   "cell_type": "code",
   "execution_count": 31,
   "id": "f98c0e32",
   "metadata": {},
   "outputs": [],
   "source": [
    "def Π(φ,θ,ψ):\n",
    "    φθψ=np.stack((φ,θ,ψ), axis=1)\n",
    "    return np.apply_along_axis(Π0, 1, φθψ)"
   ]
  },
  {
   "cell_type": "code",
   "execution_count": 32,
   "id": "c8195598",
   "metadata": {},
   "outputs": [
    {
     "data": {
      "text/plain": [
       "array([[[ 0.74952304,  0.        ,  0.56624575],\n",
       "        [ 0.        ,  1.        , -0.51799408],\n",
       "        [-0.66197826,  0.        ,  0.64113016]],\n",
       "\n",
       "       [[ 0.76018905,  0.        ,  0.62793178],\n",
       "        [ 0.        ,  1.        , -0.25669641],\n",
       "        [-0.64970194,  0.        ,  0.7347167 ]],\n",
       "\n",
       "       [[ 0.76508227,  0.        ,  0.63163927],\n",
       "        [ 0.        ,  1.        , -0.19446696],\n",
       "        [-0.64393254,  0.        ,  0.75047614]],\n",
       "\n",
       "       [[ 0.56333843,  0.        ,  0.5783725 ],\n",
       "        [ 0.        ,  1.        , -0.71412609],\n",
       "        [-0.82622625,  0.        ,  0.39434653]],\n",
       "\n",
       "       [[ 0.84870083,  0.        ,  0.52274143],\n",
       "        [ 0.        ,  1.        , -0.15183465],\n",
       "        [-0.52887324,  0.        ,  0.83886091]],\n",
       "\n",
       "       [[ 0.93469689,  0.        ,  0.27066704],\n",
       "        [ 0.        ,  1.        , -0.64818125],\n",
       "        [-0.35544581,  0.        ,  0.71175868]],\n",
       "\n",
       "       [[ 0.73510896,  0.        ,  0.59978902],\n",
       "        [ 0.        ,  1.        , -0.46613964],\n",
       "        [-0.67794897,  0.        ,  0.6503591 ]],\n",
       "\n",
       "       [[ 0.99985334,  0.        ,  0.01540649],\n",
       "        [ 0.        ,  1.        , -0.43670652],\n",
       "        [-0.01712586,  0.        ,  0.8994721 ]],\n",
       "\n",
       "       [[ 0.69554509,  0.        ,  0.66994257],\n",
       "        [ 0.        ,  1.        , -0.36132201],\n",
       "        [-0.71848245,  0.        ,  0.64855482]],\n",
       "\n",
       "       [[ 0.80382292,  0.        ,  0.51191145],\n",
       "        [ 0.        ,  1.        , -0.50937384],\n",
       "        [-0.59486866,  0.        ,  0.69172607]],\n",
       "\n",
       "       [[ 0.95535353,  0.        ,  0.2358031 ],\n",
       "        [ 0.        ,  1.        , -0.60255912],\n",
       "        [-0.29546511,  0.        ,  0.76244305]],\n",
       "\n",
       "       [[ 0.98348312,  0.        ,  0.18070146],\n",
       "        [ 0.        ,  1.        , -0.05739709],\n",
       "        [-0.18099985,  0.        ,  0.98186178]],\n",
       "\n",
       "       [[ 0.88361672,  0.        ,  0.39457047],\n",
       "        [ 0.        ,  1.        , -0.53835301],\n",
       "        [-0.46821096,  0.        ,  0.74464098]],\n",
       "\n",
       "       [[ 0.57091026,  0.        ,  0.80820028],\n",
       "        [ 0.        ,  1.        , -0.17597493],\n",
       "        [-0.82101247,  0.        ,  0.562001  ]],\n",
       "\n",
       "       [[ 0.95778438,  0.        ,  0.26911599],\n",
       "        [ 0.        ,  1.        , -0.35174419],\n",
       "        [-0.28748754,  0.        ,  0.89657828]],\n",
       "\n",
       "       [[ 0.57159471,  0.        ,  0.78140847],\n",
       "        [ 0.        ,  1.        , -0.30511801],\n",
       "        [-0.8205361 ,  0.        ,  0.54433795]],\n",
       "\n",
       "       [[ 0.7322663 ,  0.        ,  0.68097714],\n",
       "        [ 0.        ,  1.        , -0.01100811],\n",
       "        [-0.6810184 ,  0.        ,  0.73222193]],\n",
       "\n",
       "       [[ 0.99749623,  0.        ,  0.06143071],\n",
       "        [ 0.        ,  1.        , -0.49542499],\n",
       "        [-0.07071968,  0.        ,  0.86647582]],\n",
       "\n",
       "       [[ 0.80939934,  0.        ,  0.44581872],\n",
       "        [ 0.        ,  1.        , -0.65091309],\n",
       "        [-0.58725864,  0.        ,  0.61445734]],\n",
       "\n",
       "       [[ 0.96846589,  0.        ,  0.18458785],\n",
       "        [ 0.        ,  1.        , -0.67163557],\n",
       "        [-0.24914619,  0.        ,  0.71751864]],\n",
       "\n",
       "       [[ 0.59767768,  0.        ,  0.7703994 ],\n",
       "        [ 0.        ,  1.        , -0.27684883],\n",
       "        [-0.80173648,  0.        ,  0.57431655]],\n",
       "\n",
       "       [[ 0.98218653,  0.        ,  0.1494336 ],\n",
       "        [ 0.        ,  1.        , -0.60628648],\n",
       "        [-0.18790857,  0.        ,  0.78108022]],\n",
       "\n",
       "       [[ 0.79584919,  0.        ,  0.50889216],\n",
       "        [ 0.        ,  1.        , -0.54187891],\n",
       "        [-0.60549489,  0.        ,  0.66887668]],\n",
       "\n",
       "       [[ 0.958609  ,  0.        ,  0.28267211],\n",
       "        [ 0.        ,  1.        , -0.11989043],\n",
       "        [-0.2847258 ,  0.        ,  0.95169468]],\n",
       "\n",
       "       [[ 0.9571346 ,  0.        ,  0.16310009],\n",
       "        [ 0.        ,  1.        , -0.82638444],\n",
       "        [-0.28964349,  0.        ,  0.53896857]],\n",
       "\n",
       "       [[ 0.98532219,  0.        ,  0.16110509],\n",
       "        [ 0.        ,  1.        , -0.33062136],\n",
       "        [-0.17070494,  0.        ,  0.92991111]],\n",
       "\n",
       "       [[ 0.92890606,  0.        ,  0.32113934],\n",
       "        [ 0.        ,  1.        , -0.49795165],\n",
       "        [-0.37031545,  0.        ,  0.80555179]],\n",
       "\n",
       "       [[ 0.91774704,  0.        ,  0.24652401],\n",
       "        [ 0.        ,  1.        , -0.7840413 ],\n",
       "        [-0.39716542,  0.        ,  0.56965354]],\n",
       "\n",
       "       [[ 0.86643537,  0.        ,  0.46399468],\n",
       "        [ 0.        ,  1.        , -0.3692996 ],\n",
       "        [-0.49928924,  0.        ,  0.8051874 ]],\n",
       "\n",
       "       [[ 0.99110153,  0.        ,  0.12872212],\n",
       "        [ 0.        ,  1.        , -0.25458768],\n",
       "        [-0.13310807,  0.        ,  0.95844443]],\n",
       "\n",
       "       [[ 0.74047947,  0.        ,  0.65596337],\n",
       "        [ 0.        ,  1.        , -0.21767524],\n",
       "        [-0.67207898,  0.        ,  0.7227237 ]],\n",
       "\n",
       "       [[ 0.95790438,  0.        ,  0.26622952],\n",
       "        [ 0.        ,  1.        , -0.37420375],\n",
       "        [-0.28708743,  0.        ,  0.88830929]],\n",
       "\n",
       "       [[ 0.76619919,  0.        ,  0.48858801],\n",
       "        [ 0.        ,  1.        , -0.64954143],\n",
       "        [-0.64260315,  0.        ,  0.58256132]],\n",
       "\n",
       "       [[ 0.9367211 ,  0.        ,  0.2549133 ],\n",
       "        [ 0.        ,  1.        , -0.68540241],\n",
       "        [-0.35007653,  0.        ,  0.68208705]],\n",
       "\n",
       "       [[ 0.96505995,  0.        ,  0.22206487],\n",
       "        [ 0.        ,  1.        , -0.53082496],\n",
       "        [-0.26202917,  0.        ,  0.81787044]],\n",
       "\n",
       "       [[ 0.85060025,  0.        ,  0.32705002],\n",
       "        [ 0.        ,  1.        , -0.78302572],\n",
       "        [-0.52581291,  0.        ,  0.52906428]],\n",
       "\n",
       "       [[ 0.54813167,  0.        ,  0.83626525],\n",
       "        [ 0.        ,  1.        , -0.01741268],\n",
       "        [-0.83639206,  0.        ,  0.54804856]],\n",
       "\n",
       "       [[ 0.68843595,  0.        ,  0.55789303],\n",
       "        [ 0.        ,  1.        , -0.63901728],\n",
       "        [-0.72529715,  0.        ,  0.52953968]],\n",
       "\n",
       "       [[ 0.89060838,  0.        ,  0.3847436 ],\n",
       "        [ 0.        ,  1.        , -0.53315749],\n",
       "        [-0.45477106,  0.        ,  0.75346895]],\n",
       "\n",
       "       [[ 0.71086686,  0.        ,  0.43189523],\n",
       "        [ 0.        ,  1.        , -0.78924774],\n",
       "        [-0.7033266 ,  0.        ,  0.43652551]]])"
      ]
     },
     "execution_count": 32,
     "metadata": {},
     "output_type": "execute_result"
    }
   ],
   "source": [
    "Π(φ,θ,ψ)"
   ]
  },
  {
   "cell_type": "code",
   "execution_count": null,
   "id": "3dee3c6a",
   "metadata": {},
   "outputs": [],
   "source": []
  },
  {
   "cell_type": "code",
   "execution_count": 33,
   "id": "164efc11",
   "metadata": {},
   "outputs": [],
   "source": [
    "def w_e(φ,θ,ψ,dφ,dθ,dψ): \n",
    "    return np.einsum('ijk,ik->ij', Π(φ,θ,ψ), np.stack((dφ,dθ,dψ), axis=1))"
   ]
  },
  {
   "cell_type": "code",
   "execution_count": 34,
   "id": "679909b2",
   "metadata": {},
   "outputs": [
    {
     "data": {
      "text/plain": [
       "array([[ 0.63310978,  0.49073648,  0.44560417],\n",
       "       [ 0.238486  ,  0.20347229,  0.20155714],\n",
       "       [ 0.68506042,  0.48208029, -0.00422982],\n",
       "       [ 0.66126125, -0.06630781, -0.63810319],\n",
       "       [ 0.22001313,  0.72721753,  0.18509208],\n",
       "       [ 0.78437036,  0.82463244, -0.2949634 ],\n",
       "       [ 0.44210018,  0.44689427,  0.39975833],\n",
       "       [ 0.10717859,  0.20553323,  0.18654144],\n",
       "       [ 0.99107443,  0.50461696,  0.12056679],\n",
       "       [ 0.9898942 ,  0.00532113,  0.13803842],\n",
       "       [ 0.98986582,  0.37232817,  0.22223449],\n",
       "       [ 1.08515973,  0.10575208,  0.64661297],\n",
       "       [ 0.99518718,  0.7271967 , -0.25343509],\n",
       "       [ 0.76985441,  0.09950599, -0.62765826],\n",
       "       [ 0.34682098,  0.15378308,  0.67676151],\n",
       "       [ 0.58801391,  0.37210984, -0.02998615],\n",
       "       [ 0.76908505,  0.50936099,  0.26831456],\n",
       "       [ 0.35427877,  0.76133387,  0.16827112],\n",
       "       [ 0.21382194, -0.10736623,  0.14885069],\n",
       "       [ 0.86716284,  0.42699361,  0.02602787],\n",
       "       [ 0.2975935 ,  0.26387496,  0.1064092 ],\n",
       "       [ 0.14814513,  0.0415175 ,  0.01497035],\n",
       "       [ 0.26296641, -0.10678567,  0.15089535],\n",
       "       [ 0.9193936 ,  0.65144108, -0.11677169],\n",
       "       [ 0.08522545, -0.11789987,  0.15544466],\n",
       "       [ 0.73434589, -0.0574334 ,  0.32993444],\n",
       "       [ 0.36465815, -0.18874992,  0.27024479],\n",
       "       [ 0.61332827,  0.13751295,  0.10600933],\n",
       "       [ 0.31065587,  0.0666188 ,  0.49874456],\n",
       "       [ 0.0435341 ,  0.78412277,  0.0045541 ],\n",
       "       [ 0.81320406,  0.25142911,  0.25693156],\n",
       "       [ 0.31616727, -0.07303489,  0.39153149],\n",
       "       [ 0.10719244,  0.03656789, -0.08065059],\n",
       "       [ 0.49904981,  0.97381675, -0.16796393],\n",
       "       [ 0.76598728,  0.7988401 , -0.02175217],\n",
       "       [ 0.33396174,  0.81462815, -0.17423448],\n",
       "       [ 0.3595927 ,  0.81110275,  0.06386118],\n",
       "       [ 0.35191932,  0.1384378 ,  0.05677368],\n",
       "       [ 0.399836  ,  0.68497215,  0.11182484],\n",
       "       [ 0.32668153,  0.95494378, -0.30212047]])"
      ]
     },
     "execution_count": 34,
     "metadata": {},
     "output_type": "execute_result"
    }
   ],
   "source": [
    "w_e(φ,θ,ψ,dφ,dθ,dψ)"
   ]
  },
  {
   "cell_type": "code",
   "execution_count": null,
   "id": "c83d59e5",
   "metadata": {},
   "outputs": [],
   "source": []
  },
  {
   "cell_type": "code",
   "execution_count": 35,
   "id": "c3afc28b",
   "metadata": {},
   "outputs": [],
   "source": [
    "def dw_e(φ,θ,ψ,dφ,dθ,dψ,ddφ,ddθ,ddψ):\n",
    "    return (np.einsum('ijk,ik->ij', Π(φ,θ,ψ), np.stack((ddφ,ddθ,ddψ), axis=1))+\n",
    "        np.einsum('ijk,ik->ij', Π(dφ,dθ,dψ), np.stack((dφ,dθ,dψ), axis=1)))"
   ]
  },
  {
   "cell_type": "code",
   "execution_count": 36,
   "id": "3568d8c6",
   "metadata": {},
   "outputs": [
    {
     "data": {
      "text/plain": [
       "array([[ 1.74198204,  0.97205421,  0.60815826],\n",
       "       [ 0.60003187,  0.95188957,  0.41550862],\n",
       "       [ 1.09631747,  0.70778071,  0.25564561],\n",
       "       [ 1.14850312,  0.71737228, -0.22207026],\n",
       "       [ 1.24627118,  1.63966358, -0.160794  ],\n",
       "       [ 0.89934481,  0.57784104, -0.19175508],\n",
       "       [ 0.68900257,  1.43350978,  0.3739622 ],\n",
       "       [ 0.47039202,  0.23463099,  0.97532812],\n",
       "       [ 1.91566956,  0.65550916, -0.12029056],\n",
       "       [ 1.40927891,  0.67001272,  0.25210678],\n",
       "       [ 1.35540863,  0.54891714, -0.25867174],\n",
       "       [ 1.19118275, -0.1562011 ,  0.61440329],\n",
       "       [ 1.59183385,  0.51299551, -0.22587724],\n",
       "       [ 1.6287696 ,  0.38571577, -0.09600631],\n",
       "       [ 1.07873615,  1.10919849,  0.96764298],\n",
       "       [ 1.19014556,  1.26814897, -0.48481143],\n",
       "       [ 1.2559269 ,  1.17142048,  0.84340341],\n",
       "       [ 1.17836338,  0.60687523,  0.30381924],\n",
       "       [ 0.49959751,  0.05212263,  0.14234554],\n",
       "       [ 1.36842133,  0.09379934,  0.01160734],\n",
       "       [ 0.69903775,  1.04419228,  0.08009976],\n",
       "       [ 0.37234765,  0.40351149,  0.36872733],\n",
       "       [ 0.62772646,  0.32379435,  0.93252887],\n",
       "       [ 1.54420558,  0.97237286,  0.15604521],\n",
       "       [ 1.06678852, -0.00517534,  0.29346587],\n",
       "       [ 1.55352583, -0.05050984,  0.2380353 ],\n",
       "       [ 0.50928786,  0.17041144,  0.83446619],\n",
       "       [ 0.97249182,  0.20766261,  0.64095306],\n",
       "       [ 0.8405623 ,  1.05132141,  0.63070064],\n",
       "       [ 0.36940293,  0.84895631,  0.51257861],\n",
       "       [ 1.0288799 ,  0.46508551,  0.71261191],\n",
       "       [ 0.57887632,  0.18461028,  1.13947803],\n",
       "       [ 0.79962423, -0.25420581,  0.17433006],\n",
       "       [ 1.12036843,  1.25067493, -0.11748529],\n",
       "       [ 0.90042678,  1.37700174, -0.14466846],\n",
       "       [ 1.11600172,  1.04736559, -0.21316869],\n",
       "       [ 0.79455051,  0.8906709 , -0.5400556 ],\n",
       "       [ 0.64092993,  0.57019245,  0.06470385],\n",
       "       [ 1.03045596,  1.59329629, -0.27033027],\n",
       "       [ 0.63915027,  1.67989855, -0.50600952]])"
      ]
     },
     "execution_count": 36,
     "metadata": {},
     "output_type": "execute_result"
    }
   ],
   "source": [
    "dw_e(φ,θ,ψ,dφ,dθ,dψ,ddφ,ddθ,ddψ)"
   ]
  },
  {
   "cell_type": "code",
   "execution_count": null,
   "id": "15511374",
   "metadata": {},
   "outputs": [],
   "source": []
  },
  {
   "cell_type": "code",
   "execution_count": 37,
   "id": "9f658f7c",
   "metadata": {},
   "outputs": [],
   "source": [
    "def phi(x,y,z): return np.stack((x,y,z), axis=1) \n",
    "def theta(φ,θ,ψ): return np.stack((φ,θ,ψ), axis=1) "
   ]
  },
  {
   "cell_type": "code",
   "execution_count": 38,
   "id": "1da7b351",
   "metadata": {},
   "outputs": [
    {
     "data": {
      "text/plain": [
       "array([[0.84634712, 0.54272682, 0.69145282],\n",
       "       [0.10186291, 0.90089928, 0.88269653],\n",
       "       [0.50211946, 0.80519496, 0.94557616],\n",
       "       [0.61768899, 0.88222007, 0.3548047 ],\n",
       "       [0.4096382 , 0.36235753, 0.44681186],\n",
       "       [0.68383348, 0.72264454, 0.69694644],\n",
       "       [0.46988458, 0.03741198, 0.65162642],\n",
       "       [0.10291932, 0.88511244, 0.08478831],\n",
       "       [0.26532314, 0.38817191, 0.51479161],\n",
       "       [0.29947597, 0.5893134 , 0.15749675],\n",
       "       [0.87827728, 0.77383721, 0.21581521],\n",
       "       [0.14702211, 0.98781774, 0.12828324],\n",
       "       [0.64520192, 0.996673  , 0.70241924],\n",
       "       [0.96747659, 0.61627735, 0.88353244],\n",
       "       [0.70729599, 0.03111498, 0.61237806],\n",
       "       [0.16790686, 0.75565939, 0.78569245],\n",
       "       [0.55959891, 0.53256398, 0.37675304],\n",
       "       [0.24132952, 0.46992589, 0.49585268],\n",
       "       [0.11953763, 0.0017332 , 0.42814037],\n",
       "       [0.70073927, 0.81978272, 0.07688443],\n",
       "       [0.23195689, 0.33846663, 0.76002484],\n",
       "       [0.76754024, 0.76136657, 0.26462336],\n",
       "       [0.23083127, 0.51259574, 0.60422787],\n",
       "       [0.51681539, 0.87371513, 0.37011851],\n",
       "       [0.92491998, 0.17925164, 0.66954433],\n",
       "       [0.74020039, 0.75833676, 0.33166801],\n",
       "       [0.00252546, 0.54049892, 0.32471253],\n",
       "       [0.07061074, 0.39280859, 0.52445743],\n",
       "       [0.75047179, 0.21118552, 0.69156828],\n",
       "       [0.02777977, 0.50551506, 0.18694324],\n",
       "       [0.40628406, 0.86369036, 0.50516013],\n",
       "       [0.8752111 , 0.6376986 , 0.40614071],\n",
       "       [0.02465662, 0.83709156, 0.17257553],\n",
       "       [0.72396873, 0.72738052, 0.58593282],\n",
       "       [0.35997529, 0.54060369, 0.95686202],\n",
       "       [0.13738553, 0.96993244, 0.37860114],\n",
       "       [0.88151083, 0.54180389, 0.28443438],\n",
       "       [0.67556951, 0.88998418, 0.79255807],\n",
       "       [0.18536394, 0.45889344, 0.16170534],\n",
       "       [0.35282417, 0.896794  , 0.61203778]])"
      ]
     },
     "execution_count": 38,
     "metadata": {},
     "output_type": "execute_result"
    }
   ],
   "source": [
    "phi(x,y,z)"
   ]
  },
  {
   "cell_type": "code",
   "execution_count": 39,
   "id": "51f79220",
   "metadata": {},
   "outputs": [
    {
     "data": {
      "text/plain": [
       "array([[0.54450423, 0.72345505, 0.7894158 ],\n",
       "       [0.25960252, 0.70719228, 0.2395608 ],\n",
       "       [0.19571401, 0.69962725, 0.73774597],\n",
       "       [0.79537489, 0.97237549, 0.62492927],\n",
       "       [0.15242418, 0.55727238, 0.63427723],\n",
       "       [0.70519359, 0.36339098, 0.84145878],\n",
       "       [0.48492233, 0.74496893, 0.59701792],\n",
       "       [0.45193437, 0.0171267 , 0.3983671 ],\n",
       "       [0.3696853 , 0.80161804, 0.95340017],\n",
       "       [0.534457  , 0.63710224, 0.520089  ],\n",
       "       [0.64670386, 0.29994233, 0.44757416],\n",
       "       [0.05742865, 0.182003  , 0.09651839],\n",
       "       [0.56848151, 0.48726501, 0.72011101],\n",
       "       [0.17689606, 0.9631822 , 0.5999019 ],\n",
       "       [0.35943371, 0.29160261, 0.77856293],\n",
       "       [0.31006234, 0.96234829, 0.73636341],\n",
       "       [0.01100834, 0.74915249, 0.84267755],\n",
       "       [0.51832401, 0.07077877, 0.56351765],\n",
       "       [0.70878659, 0.62766775, 0.94814297],\n",
       "       [0.73641418, 0.25179855, 0.11281386],\n",
       "       [0.2805132 , 0.93019496, 0.71031765],\n",
       "       [0.65138258, 0.18903235, 0.0576197 ],\n",
       "       [0.57267109, 0.65038756, 0.54832741],\n",
       "       [0.12017952, 0.28872038, 0.18733433],\n",
       "       [0.97265635, 0.29385434, 0.33008106],\n",
       "       [0.33696188, 0.17154506, 0.51705202],\n",
       "       [0.52123515, 0.3793486 , 0.57542405],\n",
       "       [0.90115009, 0.40842614, 0.30083746],\n",
       "       [0.37825523, 0.52277825, 0.99649365],\n",
       "       [0.25742131, 0.1335043 , 0.03418148],\n",
       "       [0.21943196, 0.73701284, 0.43421187],\n",
       "       [0.38353799, 0.29118488, 0.4219594 ],\n",
       "       [0.70698116, 0.69789093, 0.32843227],\n",
       "       [0.75515619, 0.35765281, 0.08056073],\n",
       "       [0.5595737 , 0.26512424, 0.12806621],\n",
       "       [0.89951561, 0.55367053, 0.67931904],\n",
       "       [0.01741356, 0.99066753, 0.80349423],\n",
       "       [0.69321999, 0.81146592, 0.45470227],\n",
       "       [0.56232838, 0.47211513, 0.80809756],\n",
       "       [0.909583  , 0.78006637, 0.76238687]])"
      ]
     },
     "execution_count": 39,
     "metadata": {},
     "output_type": "execute_result"
    }
   ],
   "source": [
    "theta(φ,θ,ψ)"
   ]
  },
  {
   "cell_type": "code",
   "execution_count": 40,
   "id": "3ee4c992",
   "metadata": {},
   "outputs": [],
   "source": [
    "def ω(φ,θ,ψ): \n",
    "    return np.einsum('ijk,ik->ij', Π(φ,θ,ψ), theta(φ,θ,ψ))"
   ]
  },
  {
   "cell_type": "code",
   "execution_count": 41,
   "id": "abe1ef1f",
   "metadata": {},
   "outputs": [
    {
     "data": {
      "text/plain": [
       "array([[ 0.96139947,  0.02492231, -0.04472132],\n",
       "       [ 0.75159365,  0.81114065,  0.46538112],\n",
       "       [ 0.94553264,  0.35010385,  0.21236368],\n",
       "       [ 0.6158432 ,  0.67673395, -0.29315299],\n",
       "       [ 0.52831949,  0.18440243,  0.23802266],\n",
       "       [ 0.87021622,  0.28233524, -0.04705332],\n",
       "       [ 0.49128721, -0.25763363,  0.56302174],\n",
       "       [ 0.1304465 ,  0.87640148, -0.02625405],\n",
       "       [ 0.43361271,  0.25318268,  0.3593949 ],\n",
       "       [ 0.3326002 ,  0.54284878, -0.04134283],\n",
       "       [ 0.72447555,  0.60773717, -0.51526027],\n",
       "       [ 0.18687648,  0.96902514, -0.05287827],\n",
       "       [ 0.82164546,  0.57426632, -0.23695915],\n",
       "       [ 1.07924645, -0.11127328, -0.15012568],\n",
       "       [ 0.72143475, -0.36679651,  0.44325258],\n",
       "       [ 0.65343187,  0.62435524,  0.44865504],\n",
       "       [ 0.64421458,  0.33256601, -0.00906531],\n",
       "       [ 0.43319526,  0.35142016,  0.32001262],\n",
       "       [ 0.12027421, -0.04932389,  0.42487729],\n",
       "       [ 0.52112964,  0.77020895, -0.47213672],\n",
       "       [ 0.4643977 ,  0.16375026,  0.62068569],\n",
       "       [ 0.68699645,  0.57762078, -0.39168471],\n",
       "       [ 0.48964176,  0.37435636,  0.39939356],\n",
       "       [ 0.57850136,  0.69083441, -0.1896752 ],\n",
       "       [ 0.98195213, -0.35542812,  0.23163366],\n",
       "       [ 0.70578002,  0.53464795, -0.33126751],\n",
       "       [ 0.16925026,  0.53967888,  0.27712503],\n",
       "       [ 0.26548683,  0.35580702,  0.45627744],\n",
       "       [ 0.83982201, -0.2604529 ,  0.33723994],\n",
       "       [ 0.11479908,  0.50032248,  0.15004566],\n",
       "       [ 0.61671945,  0.66405177, -0.00741959],\n",
       "       [ 0.8581548 ,  0.32591299, -0.31193721],\n",
       "       [ 0.14464337,  0.83283687,  0.09721345],\n",
       "       [ 0.83262425,  0.33928019, -0.15350241],\n",
       "       [ 0.76953123,  0.20354799,  0.58256526],\n",
       "       [ 0.38701729,  0.9180816 ,  0.09870519],\n",
       "       [ 0.84854572,  0.32230571, -0.29959131],\n",
       "       [ 0.90581195,  0.39436446, -0.13567703],\n",
       "       [ 0.23658814,  0.42909046,  0.06038415],\n",
       "       [ 0.66895037,  0.68530472,  0.08278177]])"
      ]
     },
     "execution_count": 41,
     "metadata": {},
     "output_type": "execute_result"
    }
   ],
   "source": [
    "ω(x,y,z)"
   ]
  },
  {
   "cell_type": "code",
   "execution_count": 42,
   "id": "c8607b4d",
   "metadata": {},
   "outputs": [],
   "source": [
    "def Ret(φ,θ,ψ):\n",
    "    \n",
    "    def Ret0(arr):\n",
    "        φ,θ,ψ=arr\n",
    "        Cφ=np.matrix([[1,0,0],\n",
    "                      [0,np.cos(φ),-np.sin(φ)],\n",
    "                      [0,np.sin(φ),np.cos(φ)]])\n",
    "\n",
    "        Cθ=np.matrix([[np.cos(θ),0,np.sin(θ)],\n",
    "                      [0,1,0],\n",
    "                      [-np.sin(θ),0,np.cos(θ)]])\n",
    "\n",
    "        Cψ=np.matrix([[np.cos(ψ),-np.sin(ψ),0],\n",
    "                      [np.sin(ψ),np.cos(ψ),0],\n",
    "                      [0,0,1]])\n",
    "\n",
    "\n",
    "        return np.array(np.dot(np.dot(Cθ,Cφ),Cψ) )\n",
    "    \n",
    "    arr=np.stack((φ,θ,ψ), axis=1)\n",
    "    return np.apply_along_axis(Ret0, 1, arr)"
   ]
  },
  {
   "cell_type": "code",
   "execution_count": 43,
   "id": "8daf84e3",
   "metadata": {},
   "outputs": [
    {
     "data": {
      "text/plain": [
       "array([[[ 7.71298914e-01, -2.90626462e-01,  5.66245745e-01],\n",
       "        [ 6.07273140e-01,  6.02413035e-01, -5.17994081e-01],\n",
       "        [-1.90571031e-01,  7.43394104e-01,  6.41130165e-01]],\n",
       "\n",
       "       [[ 7.78051764e-01, -1.83611984e-02,  6.27931779e-01],\n",
       "        [ 2.29325365e-01,  9.38891276e-01, -2.56696413e-01],\n",
       "        [-5.84846416e-01,  3.43723782e-01,  7.34716702e-01]],\n",
       "\n",
       "       [[ 6.50378696e-01, -4.21947131e-01,  6.31639273e-01],\n",
       "        [ 6.59780697e-01,  7.25859513e-01, -1.94466961e-01],\n",
       "        [-3.76426599e-01,  5.43220568e-01,  7.50476135e-01]],\n",
       "\n",
       "       [[ 8.02060938e-01,  1.48941288e-01,  5.78372496e-01],\n",
       "        [ 4.09537940e-01,  5.67717014e-01, -7.14126087e-01],\n",
       "        [-4.34714765e-01,  8.09638120e-01,  3.94346532e-01]],\n",
       "\n",
       "       [[ 7.31214881e-01, -4.38253570e-01,  5.22741433e-01],\n",
       "        [ 5.85724870e-01,  7.96161173e-01, -1.51834654e-01],\n",
       "        [-3.49644353e-01,  4.17206417e-01,  8.38860914e-01]],\n",
       "\n",
       "       [[ 7.94644371e-01, -5.43396428e-01,  2.70667037e-01],\n",
       "        [ 5.67776217e-01,  5.07435936e-01, -6.48181254e-01],\n",
       "        [ 2.14873197e-01,  6.68751891e-01,  7.11758679e-01]],\n",
       "\n",
       "       [[ 7.85605799e-01, -1.51910036e-01,  5.99789021e-01],\n",
       "        [ 4.97365812e-01,  7.31670064e-01, -4.66139643e-01],\n",
       "        [-3.68036382e-01,  6.64516560e-01,  6.50359104e-01]],\n",
       "\n",
       "       [[ 9.24461669e-01, -3.80963598e-01,  1.54064930e-02],\n",
       "        [ 3.48968843e-01,  8.29161119e-01, -4.36706520e-01],\n",
       "        [ 1.53594822e-01,  4.09094824e-01,  8.99472098e-01]],\n",
       "\n",
       "       [[ 6.14338532e-01, -4.16851440e-01,  6.69942568e-01],\n",
       "        [ 7.60301864e-01,  5.39803188e-01, -3.61322009e-01],\n",
       "        [-2.11019534e-01,  7.31332616e-01,  6.48554825e-01]],\n",
       "\n",
       "       [[ 8.48120712e-01, -1.36520775e-01,  5.11911454e-01],\n",
       "        [ 4.27654352e-01,  7.46759701e-01, -5.09373835e-01],\n",
       "        [-3.12734734e-01,  6.50931661e-01,  6.91726073e-01]],\n",
       "\n",
       "       [[ 9.38300891e-01, -2.52959163e-01,  2.35803096e-01],\n",
       "        [ 3.45390508e-01,  7.19463623e-01, -6.02559119e-01],\n",
       "        [-1.72288994e-02,  6.46825909e-01,  7.62443052e-01]],\n",
       "\n",
       "       [[ 9.79906872e-01, -8.44363863e-02,  1.80701461e-01],\n",
       "        [ 9.62097355e-02,  9.93704816e-01, -5.73970860e-02],\n",
       "        [-1.74717509e-01,  7.36290388e-02,  9.81861781e-01]],\n",
       "\n",
       "       [[ 8.30470792e-01, -3.93233272e-01,  3.94570471e-01],\n",
       "        [ 5.55746604e-01,  6.33499607e-01, -5.38353007e-01],\n",
       "        [-3.82619242e-02,  6.66367647e-01,  7.44640976e-01]],\n",
       "\n",
       "       [[ 5.52790687e-01, -2.03063432e-01,  8.08200284e-01],\n",
       "        [ 5.55751322e-01,  8.12510488e-01, -1.75974928e-01],\n",
       "        [-6.20937135e-01,  5.46435677e-01,  5.62001001e-01]],\n",
       "\n",
       "       [[ 7.52882860e-01, -6.00619667e-01,  2.69115987e-01],\n",
       "        [ 6.57380142e-01,  6.66428821e-01, -3.51744190e-01],\n",
       "        [ 3.19178280e-02,  4.41733677e-01,  8.96578279e-01]],\n",
       "\n",
       "       [[ 5.91645028e-01, -1.98385907e-01,  7.81408467e-01],\n",
       "        [ 6.39572501e-01,  7.05584876e-01, -3.05118007e-01],\n",
       "        [-4.90818884e-01,  6.80288920e-01,  5.44337955e-01]],\n",
       "\n",
       "       [[ 4.92894542e-01, -5.41594963e-01,  6.80977141e-01],\n",
       "        [ 7.46382387e-01,  6.65426295e-01, -1.10081147e-02],\n",
       "        [-4.47178157e-01,  5.13695183e-01,  7.32221930e-01]],\n",
       "\n",
       "       [[ 8.61979808e-01, -5.03206796e-01,  6.14307051e-02],\n",
       "        [ 4.64001296e-01,  7.34341119e-01, -4.95424988e-01],\n",
       "        [ 2.04190128e-01,  4.55550263e-01,  8.66475822e-01]],\n",
       "\n",
       "       [[ 7.82553877e-01, -4.34574618e-01,  4.45818721e-01],\n",
       "        [ 6.16685116e-01,  4.42731998e-01, -6.50913086e-01],\n",
       "        [ 8.54920925e-02,  7.84304328e-01,  6.14457340e-01]],\n",
       "\n",
       "       [[ 9.81147344e-01,  5.72469620e-02,  1.84587851e-01],\n",
       "        [ 8.34045471e-02,  7.36172092e-01, -6.71635566e-01],\n",
       "        [-1.74337520e-01,  6.74368917e-01,  7.17518635e-01]],\n",
       "\n",
       "       [[ 5.97866555e-01, -2.21450565e-01,  7.70399396e-01],\n",
       "        [ 6.26587304e-01,  7.28521158e-01, -2.76848829e-01],\n",
       "        [-4.99943930e-01,  6.48241136e-01,  5.74316547e-01]],\n",
       "\n",
       "       [[ 9.87117307e-01,  5.71753703e-02,  1.49433597e-01],\n",
       "        [ 4.57965059e-02,  7.93926564e-01, -6.06286476e-01],\n",
       "        [-1.53303956e-01,  6.05319410e-01,  7.81080220e-01]],\n",
       "\n",
       "       [[ 8.50203924e-01, -1.34840876e-01,  5.08892155e-01],\n",
       "        [ 4.38096876e-01,  7.17243592e-01, -5.41878914e-01],\n",
       "        [-2.91932210e-01,  6.83651642e-01,  6.68876683e-01]],\n",
       "\n",
       "       [[ 9.48194840e-01, -1.44993185e-01,  2.82672109e-01],\n",
       "        [ 1.84897202e-01,  9.75417505e-01, -1.19890435e-01],\n",
       "        [-2.58340027e-01,  1.65944774e-01,  9.51694679e-01]],\n",
       "\n",
       "       [[ 9.83045001e-01, -8.37907448e-02,  1.63100086e-01],\n",
       "        [ 1.82513867e-01,  5.32707659e-01, -8.26384437e-01],\n",
       "        [-1.76412974e-02,  8.42141117e-01,  5.38968574e-01]],\n",
       "\n",
       "       [[ 8.84419829e-01, -4.38003102e-01,  1.61105087e-01],\n",
       "        [ 4.66520858e-01,  8.20394909e-01, -3.30621359e-01],\n",
       "        [ 1.26433878e-02,  3.67566969e-01,  9.29911108e-01]],\n",
       "\n",
       "       [[ 8.79664832e-01, -3.50798102e-01,  3.21139338e-01],\n",
       "        [ 4.71924697e-01,  7.27551537e-01, -4.97951646e-01],\n",
       "        [-5.89649266e-02,  5.89584136e-01,  8.05551789e-01]],\n",
       "\n",
       "       [[ 9.68802145e-01,  2.54620173e-02,  2.46524014e-01],\n",
       "        [ 1.83928488e-01,  5.92831809e-01, -7.84041298e-01],\n",
       "        [-1.66110550e-01,  8.04923681e-01,  5.69653538e-01]],\n",
       "\n",
       "       [[ 6.25496857e-01, -6.27265987e-01,  4.63994680e-01],\n",
