{
 "cells": [
  {
   "cell_type": "markdown",
   "id": "19e5e030",
   "metadata": {},
   "source": [
    "### Model inspired by:"
   ]
  },
  {
   "cell_type": "markdown",
   "id": "35f0fe4f",
   "metadata": {},
   "source": [
    "- [1] Offshore Pipelaying Dynamics. Gullik Anthon Jensen\n",
    "- [2] A nonlinear PDE formulation for offshore vessel pipeline installation. Gullik A. Jensen et al\n",
    "- [3] Modeling and Control of Offshore Pipelay Operations Based on a Finite Strain Pipe Model. Gullik A. Jensen"
   ]
  },
  {
   "cell_type": "markdown",
   "id": "035b3ad2",
   "metadata": {},
   "source": [
    "### Implementation aspects:"
   ]
  },
  {
   "cell_type": "markdown",
   "id": "50d4d24c",
   "metadata": {},
   "source": [
    "- This implementation is more like pseudo steady-state finite difference method rather than fully dynamic FEM (i.e. the model can be applied to normal dynamic pipelay condition as a rough estimate)"
   ]
  },
  {
   "cell_type": "code",
   "execution_count": 1,
   "id": "ff0c7f8e",
   "metadata": {},
   "outputs": [],
   "source": [
    "import numpy as np\n",
    "import inspect\n",
    "import matplotlib.pyplot as plt\n",
    "import scipy\n",
    "from datetime import datetime\n",
    "from scipy.optimize import root\n",
    "from scipy.integrate import solve_ivp\n",
    "from scipy import interpolate"
   ]
  },
  {
   "cell_type": "code",
   "execution_count": 2,
   "id": "4f9b7a4e",
   "metadata": {},
   "outputs": [],
   "source": [
    "import sys"
   ]
  },
  {
   "cell_type": "code",
   "execution_count": 3,
   "id": "8dfe725c",
   "metadata": {},
   "outputs": [],
   "source": [
    "sys.path.insert(0, \"../../../miscellaneous/Ocean_Intella_1/PythonVehicleSimulator-master/src/python_vehicle_simulator\")\n",
    "sys.path.insert(0, \"../../../miscellaneous/Ocean_Intella_1/PythonVehicleSimulator-master/src\")"
   ]
  },
  {
   "cell_type": "code",
   "execution_count": 4,
   "id": "1236e5d7",
   "metadata": {},
   "outputs": [],
   "source": [
    "from python_vehicle_simulator.vehicles import *\n",
    "from python_vehicle_simulator.lib import *\n",
    "from python_vehicle_simulator.lib.gnc import ssa"
   ]
  },
  {
   "cell_type": "markdown",
   "id": "cbf59e93",
   "metadata": {},
   "source": [
    "### Modelling data:"
   ]
  },
  {
   "cell_type": "code",
   "execution_count": 5,
   "id": "71fb86df",
   "metadata": {},
   "outputs": [],
   "source": [
    "mp = 96       #  (submerged pipe weight) [kg/m]\n",
    "N = 40        # number of modelling nodes"
   ]
  },
  {
   "cell_type": "code",
   "execution_count": 6,
   "id": "078ebcd3",
   "metadata": {},
   "outputs": [],
   "source": [
    "mi = [mp for i in range(N)]"
   ]
  },
  {
   "cell_type": "code",
   "execution_count": 7,
   "id": "135037ff",
   "metadata": {},
   "outputs": [],
   "source": [
    "# Vessel:\n",
    "\n",
    "# L - the hull length\n",
    "# Xg - x-center of gravity\n",
    "\n",
    "L = 84.6 # [m]\n",
    "B = 12\n",
    "H = 13\n",
    "Xg = L/2 # [m]\n",
    "mn = 27_162_500 #123_000_000   # mass of the vessel, [kg]"
   ]
  },
  {
   "cell_type": "code",
   "execution_count": 8,
   "id": "11343e19",
   "metadata": {},
   "outputs": [],
   "source": [
    "lx, ly, lz = L/2, B/2, H/2"
   ]
  },
  {
   "cell_type": "code",
   "execution_count": 9,
   "id": "35a61f23",
   "metadata": {},
   "outputs": [],
   "source": [
    "vessel_mass = mn/L # mass over length of the vessel"
   ]
  },
  {
   "cell_type": "code",
   "execution_count": 10,
   "id": "e059b9f5",
   "metadata": {},
   "outputs": [],
   "source": [
    "diag_Jrho0 = 1e2*np.array([1, 1, 2]) # [m^4] \n",
    "Jrho0 = np.diag(diag_Jrho0)"
   ]
  },
  {
   "cell_type": "code",
   "execution_count": 11,
   "id": "1e1faac7",
   "metadata": {},
   "outputs": [],
   "source": [
    "qw = 1025 # Water density [kg/m3]\n",
    "d0 = 0.761 # Outer diameter of pipe, [m]\n",
    "dI= 0.69 # Inner diameter of pipe, [m]"
   ]
  },
  {
   "cell_type": "code",
   "execution_count": 12,
   "id": "ab672d64",
   "metadata": {},
   "outputs": [],
   "source": [
    "Ar=np.pi*((d0/2)**2-(dI/2)**2)   "
   ]
  },
  {
   "cell_type": "code",
   "execution_count": 13,
   "id": "fcfa4c2b",
   "metadata": {},
   "outputs": [],
   "source": [
    "E = 210e9"
   ]
  },
  {
   "cell_type": "code",
   "execution_count": 14,
   "id": "3390bb01",
   "metadata": {},
   "outputs": [],
   "source": [
    "h = 100 # water depth"
   ]
  },
  {
   "cell_type": "code",
   "execution_count": 15,
   "id": "3b1c23d4",
   "metadata": {},
   "outputs": [],
   "source": [
    "# Fossen book p.181\n",
    "def vessel_inertia_moment(mn, Xg, L):\n",
    "    r = 0.25*L\n",
    "    Ir = mn*r**2\n",
    "    Iz=mn*Xg**2 + Ir\n",
    "    return Iz"
   ]
  },
  {
   "cell_type": "code",
   "execution_count": 16,
   "id": "3130de25",
   "metadata": {},
   "outputs": [],
   "source": [
    "vessel_inertia = vessel_inertia_moment(mn, Xg, L)"
   ]
  },
  {
   "cell_type": "code",
   "execution_count": 17,
   "id": "dad0a53f",
   "metadata": {},
   "outputs": [],
   "source": [
    "# Underwater current: \n",
    "dv1_curr = np.zeros(N)\n",
    "dv2_curr = np.zeros(N)\n",
    "dv3_curr = np.zeros(N)"
   ]
  },
  {
   "cell_type": "code",
   "execution_count": 18,
   "id": "f79fe3c2",
   "metadata": {},
   "outputs": [],
   "source": [
    "# Constants: "
   ]
  },
  {
   "cell_type": "code",
   "execution_count": 19,
   "id": "3d218c84",
   "metadata": {},
   "outputs": [],
   "source": [
    "diag_DT = 1.5*np.array([1, 1, 1])\n",
    "DT=np.diag(diag_DT)"
   ]
  },
  {
   "cell_type": "code",
   "execution_count": 20,
   "id": "ad017d72",
   "metadata": {},
   "outputs": [],
   "source": [
    "diag_CT = 1e9*np.array([1, 1, 1 ])  \n",
    "CT=np.diag(diag_CT)"
   ]
  },
  {
   "cell_type": "code",
   "execution_count": 21,
   "id": "0bd019e9",
   "metadata": {},
   "outputs": [],
   "source": [
    "diag_CR = 1e11*np.array([1, 1, 1])\n",
    "CR=np.diag(diag_CR)"
   ]
  },
  {
   "cell_type": "code",
   "execution_count": 22,
   "id": "823a132c",
   "metadata": {},
   "outputs": [],
   "source": [
    "diag_DR = 1.5*np.array([1, 1, 1])\n",
    "DR=np.diag(diag_DR)"
   ]
  },
  {
   "cell_type": "code",
   "execution_count": 23,
   "id": "b76bd52e",
   "metadata": {},
   "outputs": [],
   "source": [
    "# for testing:"
   ]
  },
  {
   "cell_type": "code",
   "execution_count": 24,
   "id": "10440652",
   "metadata": {},
   "outputs": [],
   "source": [
    "φ = np.random.rand(N)\n",
    "θ = np.random.rand(N)\n",
    "ψ = np.random.rand(N)"
   ]
  },
  {
   "cell_type": "code",
   "execution_count": 25,
   "id": "e241450c",
   "metadata": {},
   "outputs": [
    {
     "data": {
      "text/plain": [
       "array([0.84650514, 0.22998014, 0.13574545, 0.98513292, 0.04827467,\n",
       "       0.64687948, 0.20960366, 0.27432032, 0.56090528, 0.36733073,\n",
       "       0.12100578, 0.15053003, 0.14639693, 0.69755376, 0.29420535,\n",
       "       0.57968372, 0.8418666 , 0.69121645, 0.51063042, 0.48249631,\n",
       "       0.5959022 , 0.85854588, 0.7564208 , 0.81497689, 0.98981588,\n",
       "       0.89207399, 0.85808327, 0.44959822, 0.96592258, 0.59140667,\n",
       "       0.10003956, 0.8178062 , 0.72736263, 0.11531124, 0.11729301,\n",
       "       0.26641172, 0.578372  , 0.89622794, 0.34583283, 0.18552232])"
      ]
     },
     "execution_count": 25,
     "metadata": {},
     "output_type": "execute_result"
    }
   ],
   "source": [
    "φ"
   ]
  },
  {
   "cell_type": "code",
   "execution_count": 26,
   "id": "eaf2e063",
   "metadata": {},
   "outputs": [],
   "source": [
    "dφ = np.random.rand(N)\n",
    "dθ = np.random.rand(N)\n",
    "dψ = np.random.rand(N)"
   ]
  },
  {
   "cell_type": "code",
   "execution_count": 27,
   "id": "edb0578a",
   "metadata": {},
   "outputs": [],
   "source": [
    "ddφ = np.random.rand(N)\n",
    "ddθ = np.random.rand(N)\n",
    "ddψ = np.random.rand(N)"
   ]
  },
  {
   "cell_type": "code",
   "execution_count": 28,
   "id": "387efa0b",
   "metadata": {},
   "outputs": [],
   "source": [
    "x = np.random.rand(N)\n",
    "y = np.random.rand(N)\n",
    "z = np.random.rand(N)"
   ]
  },
  {
   "cell_type": "code",
   "execution_count": 29,
   "id": "79cb60e0",
   "metadata": {},
   "outputs": [],
   "source": [
    "dx = np.random.rand(N)\n",
    "dy = np.random.rand(N)\n",
    "dz = np.random.rand(N)"
   ]
  },
  {
   "cell_type": "code",
   "execution_count": null,
   "id": "b918b702",
   "metadata": {},
   "outputs": [],
   "source": []
  },
  {
   "cell_type": "markdown",
   "id": "58072ba2",
   "metadata": {},
   "source": [
    "### Main functions:"
   ]
  },
  {
   "cell_type": "code",
   "execution_count": 30,
   "id": "7845e5ab",
   "metadata": {},
   "outputs": [],
   "source": [
    "def Π0(φθψ):\n",
    "    φ0,θ0,ψ0=φθψ\n",
    "    return np.array([[np.cos(θ0),0,np.cos(φ0)*np.sin(θ0)],\n",
    "                  [0,1,-np.sin(φ0)],\n",
    "                  [-np.sin(θ0),0,np.cos(φ0)*np.cos(θ0)]])"
   ]
  },
  {
   "cell_type": "code",
   "execution_count": 31,
   "id": "f98c0e32",
   "metadata": {},
   "outputs": [],
   "source": [
    "def Π(φ,θ,ψ):\n",
    "    φθψ=np.stack((φ,θ,ψ), axis=1)\n",
    "    return np.apply_along_axis(Π0, 1, φθψ)"
   ]
  },
  {
   "cell_type": "code",
   "execution_count": 32,
   "id": "c8195598",
   "metadata": {},
   "outputs": [
    {
     "data": {
      "text/plain": [
       "array([[[ 0.66403793,  0.        ,  0.49542882],\n",
       "        [ 0.        ,  1.        , -0.74896927],\n",
       "        [-0.74769889,  0.        ,  0.43999467]],\n",
       "\n",
       "       [[ 0.60527533,  0.        ,  0.77505781],\n",
       "        [ 0.        ,  1.        , -0.22795819],\n",
       "        [-0.79601619,  0.        ,  0.58933899]],\n",
       "\n",
       "       [[ 0.70738821,  0.        ,  0.70032296],\n",
       "        [ 0.        ,  1.        , -0.13532894],\n",
       "        [-0.70682524,  0.        ,  0.70088075]],\n",
       "\n",
       "       [[ 0.97296211,  0.        ,  0.12766632],\n",
       "        [ 0.        ,  1.        , -0.83334557],\n",
       "        [-0.23096477,  0.        ,  0.5378071 ]],\n",
       "\n",
       "       [[ 0.99427979,  0.        ,  0.1066824 ],\n",
       "        [ 0.        ,  1.        , -0.04825592],\n",
       "        [-0.10680683,  0.        ,  0.99312146]],\n",
       "\n",
       "       [[ 0.79229664,  0.        ,  0.48686932],\n",
       "        [ 0.        ,  1.        , -0.60269927],\n",
       "        [-0.61013607,  0.        ,  0.6322277 ]],\n",
       "\n",
       "       [[ 0.98343628,  0.        ,  0.17728716],\n",
       "        [ 0.        ,  1.        , -0.20807225],\n",
       "        [-0.18125418,  0.        ,  0.96191226]],\n",
       "\n",
       "       [[ 0.99204732,  0.        ,  0.12115929],\n",
       "        [ 0.        ,  1.        , -0.27089273],\n",
       "        [-0.12586545,  0.        ,  0.95495422]],\n",
       "\n",
       "       [[ 0.95030218,  0.        ,  0.2636253 ],\n",
       "        [ 0.        ,  1.        , -0.53195298],\n",
       "        [-0.31132904,  0.        ,  0.80469107]],\n",
       "\n",
       "       [[ 0.90773807,  0.        ,  0.39154971],\n",
       "        [ 0.        ,  1.        , -0.35912551],\n",
       "        [-0.41953735,  0.        ,  0.84718221]],\n",
       "\n",
       "       [[ 0.79046633,  0.        ,  0.60802668],\n",
       "        [ 0.        ,  1.        , -0.1207107 ],\n",
       "        [-0.61250549,  0.        ,  0.78468623]],\n",
       "\n",
       "       [[ 0.99984318,  0.        ,  0.0175087 ],\n",
       "        [ 0.        ,  1.        , -0.14996219],\n",
       "        [-0.01770896,  0.        ,  0.98853669]],\n",
       "\n",
       "       [[ 0.85281367,  0.        ,  0.51662924],\n",
       "        [ 0.        ,  1.        , -0.14587456],\n",
       "        [-0.52221532,  0.        ,  0.8436912 ]],\n",
       "\n",
       "       [[ 0.92255468,  0.        ,  0.29573409],\n",
       "        [ 0.        ,  1.        , -0.64234477],\n",
       "        [-0.38586638,  0.        ,  0.70706049]],\n",
       "\n",
       "       [[ 0.96761492,  0.        ,  0.24158468],\n",
       "        [ 0.        ,  1.        , -0.28997944],\n",
       "        [-0.2524309 ,  0.        ,  0.92603929]],\n",
       "\n",
       "       [[ 0.88157435,  0.        ,  0.39492997],\n",
       "        [ 0.        ,  1.        , -0.54775935],\n",
       "        [-0.47204519,  0.        ,  0.73755679]],\n",
       "\n",
       "       [[ 0.90481795,  0.        ,  0.28361242],\n",
       "        [ 0.        ,  1.        , -0.74588771],\n",
       "        [-0.42579863,  0.        ,  0.60267364]],\n",
       "\n",
       "       [[ 0.6764425 ,  0.        ,  0.56744848],\n",
       "        [ 0.        ,  1.        , -0.63747489],\n",
       "        [-0.73649545,  0.        ,  0.52117941]],\n",
       "\n",
       "       [[ 0.99571138,  0.        ,  0.08071259],\n",
       "        [ 0.        ,  1.        , -0.48872734],\n",
       "        [-0.092514  ,  0.        ,  0.86869503]],\n",
       "\n",
       "       [[ 0.99670002,  0.        ,  0.0719063 ],\n",
       "        [ 0.        ,  1.        , -0.46399195],\n",
       "        [-0.08117306,  0.        ,  0.88291616]],\n",
       "\n",
       "       [[ 0.99340367,  0.        ,  0.09490556],\n",
       "        [ 0.        ,  1.        , -0.56125568],\n",
       "        [-0.11466975,  0.        ,  0.82218307]],\n",
       "\n",
       "       [[ 0.67809642,  0.        ,  0.48033332],\n",
       "        [ 0.        ,  1.        , -0.75689304],\n",
       "        [-0.73497296,  0.        ,  0.4431623 ]],\n",
       "\n",
       "       [[ 0.77965355,  0.        ,  0.45544155],\n",
       "        [ 0.        ,  1.        , -0.68632271],\n",
       "        [-0.6262111 ,  0.        ,  0.5670398 ]],\n",
       "\n",
       "       [[ 0.85602338,  0.        ,  0.35455951],\n",
       "        [ 0.        ,  1.        , -0.72770975],\n",
       "        [-0.5169371 ,  0.        ,  0.58713378]],\n",
       "\n",
       "       [[ 0.84055062,  0.        ,  0.29732679],\n",
       "        [ 0.        ,  1.        , -0.83592494],\n",
       "        [-0.54173301,  0.        ,  0.46133098]],\n",
       "\n",
       "       [[ 0.96603321,  0.        ,  0.16223453],\n",
       "        [ 0.        ,  1.        , -0.77837547],\n",
       "        [-0.25841794,  0.        ,  0.60647472]],\n",
       "\n",
       "       [[ 0.74305625,  0.        ,  0.43760136],\n",
       "        [ 0.        ,  1.        , -0.75659063],\n",
       "        [-0.66922897,  0.        ,  0.48587619]],\n",
       "\n",
       "       [[ 0.77178997,  0.        ,  0.57268517],\n",
       "        [ 0.        ,  1.        , -0.43460372],\n",
       "        [-0.63587754,  0.        ,  0.69509086]],\n",
       "\n",
       "       [[ 0.93771702,  0.        ,  0.19755189],\n",
       "        [ 0.        ,  1.        , -0.8225739 ],\n",
       "        [-0.34740003,  0.        ,  0.5332405 ]],\n",
       "\n",
       "       [[ 0.61073248,  0.        ,  0.65734922],\n",
       "        [ 0.        ,  1.        , -0.55752933],\n",
       "        [-0.791837  ,  0.        ,  0.50700399]],\n",
       "\n",
       "       [[ 0.99984957,  0.        ,  0.01725804],\n",
       "        [ 0.        ,  1.        , -0.09987278],\n",
       "        [-0.01734476,  0.        ,  0.99485054]],\n",
       "\n",
       "       [[ 0.6691073 ,  0.        ,  0.50819428],\n",
       "        [ 0.        ,  1.        , -0.72964742],\n",
       "        [-0.74316581,  0.        ,  0.45755133]],\n",
       "\n",
       "       [[ 0.9995785 ,  0.        ,  0.02168432],\n",
       "        [ 0.        ,  1.        , -0.66490202],\n",
       "        [-0.02903124,  0.        ,  0.74661576]],\n",
       "\n",
       "       [[ 0.81885575,  0.        ,  0.57018744],\n",
       "        [ 0.        ,  1.        , -0.11505587],\n",
       "        [-0.57399936,  0.        ,  0.81341775]],\n",
       "\n",
       "       [[ 0.94703704,  0.        ,  0.31891792],\n",
       "        [ 0.        ,  1.        , -0.11702425],\n",
       "        [-0.32112434,  0.        ,  0.94053   ]],\n",
       "\n",
       "       [[ 0.55741236,  0.        ,  0.80094656],\n",
       "        [ 0.        ,  1.        , -0.26327145],\n",
       "        [-0.83023579,  0.        ,  0.53774785]],\n",
       "\n",
       "       [[ 0.9956902 ,  0.        ,  0.07765762],\n",
       "        [ 0.        ,  1.        , -0.54666145],\n",
       "        [-0.09274171,  0.        ,  0.8337449 ]],\n",
       "\n",
       "       [[ 0.54701652,  0.        ,  0.52283304],\n",
       "        [ 0.        ,  1.        , -0.7809766 ],\n",
       "        [-0.83712181,  0.        ,  0.34164479]],\n",
       "\n",
       "       [[ 0.74179644,  0.        ,  0.63091972],\n",
       "        [ 0.        ,  1.        , -0.33898032],\n",
       "        [-0.67062511,  0.        ,  0.69787724]],\n",
       "\n",
       "       [[ 0.98775723,  0.        ,  0.15332198],\n",
       "        [ 0.        ,  1.        , -0.18445991],\n",
       "        [-0.15599892,  0.        ,  0.97080735]]])"
      ]
     },
     "execution_count": 32,
     "metadata": {},
     "output_type": "execute_result"
    }
   ],
   "source": [
    "Π(φ,θ,ψ)"
   ]
  },
  {
   "cell_type": "code",
   "execution_count": null,
   "id": "3dee3c6a",
   "metadata": {},
   "outputs": [],
   "source": []
  },
  {
   "cell_type": "code",
   "execution_count": 33,
   "id": "164efc11",
   "metadata": {},
   "outputs": [],
   "source": [
    "def w_e(φ,θ,ψ,dφ,dθ,dψ): \n",
    "    return np.einsum('ijk,ik->ij', Π(φ,θ,ψ), np.stack((dφ,dθ,dψ), axis=1))"
   ]
  },
  {
   "cell_type": "code",
   "execution_count": 34,
   "id": "679909b2",
   "metadata": {},
   "outputs": [
    {
     "data": {
      "text/plain": [
       "array([[ 0.59405646, -0.69307164,  0.32823391],\n",
       "       [ 0.99970338,  0.50200214,  0.13212435],\n",
       "       [ 1.04856883,  0.8196444 , -0.19770478],\n",
       "       [ 0.75743241, -0.19981491,  0.31708718],\n",
       "       [ 0.67354462,  0.19927573,  0.21737271],\n",
       "       [ 0.4320574 ,  0.37684854, -0.24479681],\n",
       "       [ 0.99663663,  0.92565321,  0.08508282],\n",
       "       [ 0.23396563,  0.57208654,  0.26709834],\n",
       "       [ 0.33843665, -0.21636749,  0.68443708],\n",
       "       [ 0.48883464,  0.457667  ,  0.68088056],\n",
       "       [ 0.90937228,  0.8649614 , -0.18895795],\n",
       "       [ 0.58517809,  0.64097495,  0.31583777],\n",
       "       [ 0.61772234,  0.4291143 ,  0.40816112],\n",
       "       [ 0.86676352, -0.23684448,  0.04114524],\n",
       "       [ 0.87555797,  0.67609772, -0.043322  ],\n",
       "       [ 0.48254588, -0.36064642,  0.46756966],\n",
       "       [ 0.34813168,  0.2259593 ,  0.50083705],\n",
       "       [ 0.65054577,  0.17719334,  0.42544932],\n",
       "       [ 0.08686663,  0.20704156,  0.62106574],\n",
       "       [ 0.72632598,  0.14933106,  0.78284781],\n",
       "       [ 0.80068363,  0.37684885,  0.32319616],\n",
       "       [ 0.43946948, -0.37350831,  0.04933942],\n",
       "       [ 0.42772375, -0.10201441,  0.39273895],\n",
       "       [ 0.76736762,  0.09133294, -0.0889517 ],\n",
       "       [ 0.44489501, -0.36973488,  0.16815229],\n",
       "       [ 0.64292425, -0.04424908, -0.04297891],\n",
       "       [ 0.53968735, -0.21250728,  0.07136007],\n",
       "       [ 1.01649127,  0.66162884, -0.28544363],\n",
       "       [ 1.10492247, -0.70594461,  0.18300428],\n",
       "       [ 0.47844179, -0.11901246,  0.11892667],\n",
       "       [ 0.7830668 ,  0.52861689,  0.61059546],\n",
       "       [ 0.98602528, -0.40667057, -0.32300554],\n",
       "       [ 0.15215932, -0.09197691,  0.18351205],\n",
       "       [ 0.79824328,  0.21360738,  0.54808897],\n",
       "       [ 0.71496164,  0.22407294,  0.20312642],\n",
       "       [ 0.43841555, -0.00938115, -0.19439013],\n",
       "       [ 0.76823347,  0.33495586,  0.55219758],\n",
       "       [ 0.54200321,  0.15563139, -0.7164867 ],\n",
       "       [ 0.11807982, -0.00245391, -0.08023871],\n",
       "       [ 0.80663328, -0.15732446,  0.79602486]])"
      ]
     },
     "execution_count": 34,
     "metadata": {},
     "output_type": "execute_result"
    }
   ],
   "source": [
    "w_e(φ,θ,ψ,dφ,dθ,dψ)"
   ]
  },
  {
   "cell_type": "code",
   "execution_count": null,
   "id": "c83d59e5",
   "metadata": {},
   "outputs": [],
   "source": []
  },
  {
   "cell_type": "code",
   "execution_count": 35,
   "id": "c3afc28b",
   "metadata": {},
   "outputs": [],
   "source": [
    "def dw_e(φ,θ,ψ,dφ,dθ,dψ,ddφ,ddθ,ddψ):\n",
    "    return (np.einsum('ijk,ik->ij', Π(φ,θ,ψ), np.stack((ddφ,ddθ,ddψ), axis=1))+\n",
    "        np.einsum('ijk,ik->ij', Π(dφ,dθ,dψ), np.stack((dφ,dθ,dψ), axis=1)))"
   ]
  },
  {
   "cell_type": "code",
   "execution_count": 36,
   "id": "3568d8c6",
   "metadata": {},
   "outputs": [
    {
     "data": {
      "text/plain": [
       "array([[ 0.73135604, -0.36392002,  0.8565433 ],\n",
       "       [ 1.91875546,  1.03900126,  0.46827827],\n",
       "       [ 1.64276007,  1.22536526, -1.00824426],\n",
       "       [ 1.57005693,  0.32975658,  0.27009517],\n",
       "       [ 1.71849618,  0.86725781,  0.84013782],\n",
       "       [ 1.40607011,  0.70859952, -0.20412357],\n",
       "       [ 1.05675432,  1.00497123,  0.07067273],\n",
       "       [ 1.36065833,  0.57125329,  0.55489296],\n",
       "       [ 0.65346847,  0.30865125,  1.24874712],\n",
       "       [ 1.40710424,  0.66218946,  0.36557494],\n",
       "       [ 1.16689697,  1.40871861, -0.42165409],\n",
       "       [ 1.59876527,  0.76433016,  0.79104604],\n",
       "       [ 1.20276127,  0.49902348,  0.34185729],\n",
       "       [ 1.55602195, -0.48529579,  0.55240356],\n",
       "       [ 1.81447128,  0.51441879,  0.06364806],\n",
       "       [ 1.01497219,  0.33961208,  1.07469221],\n",
       "       [ 1.3491779 ,  1.0982011 ,  0.76037042],\n",
       "       [ 1.31255188,  1.23125291,  0.31814796],\n",
       "       [ 0.66062449,  0.60746854,  1.30065263],\n",
       "       [ 1.28343315,  0.05670634,  0.77810095],\n",
       "       [ 1.16467935,  0.98208355, -0.06426731],\n",
       "       [ 0.79033181, -0.54393707,  0.88946642],\n",
       "       [ 0.99472287,  0.13443889,  0.92116244],\n",
       "       [ 1.54310597,  0.30764313, -0.27737837],\n",
       "       [ 1.07356877,  0.22106885,  0.69864174],\n",
       "       [ 1.62260521, -0.15267609,  0.00291197],\n",
       "       [ 0.6608021 , -0.01627037,  0.51467561],\n",
       "       [ 1.15046263,  0.33072326, -0.31722902],\n",
       "       [ 1.08473792, -0.38371698,  0.46782081],\n",
       "       [ 0.82856147,  0.07255568,  0.40742125],\n",
       "       [ 1.308032  ,  0.85544457,  0.15700724],\n",
       "       [ 1.96504582, -0.80567016, -0.09460598],\n",
       "       [ 0.79732621,  0.41757126,  0.72619174],\n",
       "       [ 1.04552878,  0.86911794,  0.53827944],\n",
       "       [ 1.42420522,  0.58800327,  0.85045351],\n",
       "       [ 1.31207206,  0.50670277,  0.34045483],\n",
       "       [ 1.0104776 ,  0.55959498,  0.61806128],\n",
       "       [ 1.28558328,  0.64715141, -0.56320604],\n",
       "       [ 1.37271955,  0.13635545, -0.07579436],\n",
       "       [ 1.39309848, -0.5836774 ,  0.95377151]])"
      ]
     },
     "execution_count": 36,
     "metadata": {},
     "output_type": "execute_result"
    }
   ],
   "source": [
    "dw_e(φ,θ,ψ,dφ,dθ,dψ,ddφ,ddθ,ddψ)"
   ]
  },
  {
   "cell_type": "code",
   "execution_count": null,
   "id": "15511374",
   "metadata": {},
   "outputs": [],
   "source": []
  },
  {
   "cell_type": "code",
   "execution_count": 37,
   "id": "9f658f7c",
   "metadata": {},
   "outputs": [],
   "source": [
    "def phi(x,y,z): return np.stack((x,y,z), axis=1) \n",
    "def theta(φ,θ,ψ): return np.stack((φ,θ,ψ), axis=1) "
   ]
  },
  {
   "cell_type": "code",
   "execution_count": 38,
   "id": "1da7b351",
   "metadata": {},
   "outputs": [
    {
     "data": {
      "text/plain": [
       "array([[0.50871527, 0.98788564, 0.43344796],\n",
       "       [0.53579386, 0.15202689, 0.41165835],\n",
       "       [0.73683909, 0.35944653, 0.11410023],\n",
       "       [0.06659261, 0.08293176, 0.76416697],\n",
       "       [0.96417534, 0.61721599, 0.81958437],\n",
       "       [0.35602072, 0.81027517, 0.54597384],\n",
       "       [0.63801861, 0.47966091, 0.09167657],\n",
       "       [0.92648338, 0.62013105, 0.02707107],\n",
       "       [0.6510896 , 0.27634856, 0.22978853],\n",
       "       [0.01977797, 0.7790806 , 0.85414411],\n",
       "       [0.30950241, 0.17816654, 0.0673116 ],\n",
       "       [0.10481472, 0.78665458, 0.2197384 ],\n",
       "       [0.85451659, 0.32277711, 0.91657849],\n",
       "       [0.73516251, 0.03341805, 0.92176851],\n",
       "       [0.77458382, 0.4902559 , 0.01002183],\n",
       "       [0.20171349, 0.27002049, 0.49265264],\n",
       "       [0.30137766, 0.48163296, 0.86518217],\n",
       "       [0.08929834, 0.68590866, 0.16878329],\n",
       "       [0.02218681, 0.94106651, 0.1779305 ],\n",
       "       [0.12789597, 0.51074145, 0.24845437],\n",
       "       [0.75906202, 0.06929227, 0.02342238],\n",
       "       [0.07080312, 0.70746256, 0.23007265],\n",
       "       [0.81633472, 0.4505403 , 0.0601002 ],\n",
       "       [0.71275126, 0.50578764, 0.96282667],\n",
       "       [0.56196556, 0.70374685, 0.94053623],\n",
       "       [0.93742256, 0.44419963, 0.70007754],\n",
       "       [0.38429129, 0.68733521, 0.74600043],\n",
       "       [0.06900339, 0.40986361, 0.14393346],\n",
       "       [0.07039524, 0.92815147, 0.13789283],\n",
       "       [0.1559266 , 0.49364703, 0.18282727],\n",
       "       [0.78143694, 0.97656483, 0.15471567],\n",
       "       [0.63023245, 0.23955978, 0.3394357 ],\n",
       "       [0.78557132, 0.49603808, 0.98082497],\n",
       "       [0.03164818, 0.07668958, 0.82311557],\n",
       "       [0.03938917, 0.80965746, 0.03802661],\n",
       "       [0.45061225, 0.89348346, 0.38678981],\n",
       "       [0.95158125, 0.29085134, 0.79045567],\n",
       "       [0.2166652 , 0.65899235, 0.3001317 ],\n",
       "       [0.5667091 , 0.07851347, 0.69880543],\n",
       "       [0.81213005, 0.06887311, 0.82741444]])"
      ]
     },
     "execution_count": 38,
     "metadata": {},
     "output_type": "execute_result"
    }
   ],
   "source": [
    "phi(x,y,z)"
   ]
  },
  {
   "cell_type": "code",
   "execution_count": 39,
   "id": "51f79220",
   "metadata": {},
   "outputs": [
    {
     "data": {
      "text/plain": [
       "array([[0.84650514, 0.84458995, 0.25718393],\n",
       "       [0.22998014, 0.92068461, 0.79536709],\n",
       "       [0.13574545, 0.78500008, 0.03610702],\n",
       "       [0.98513292, 0.23306914, 0.74600174],\n",
       "       [0.04827467, 0.10701095, 0.06519503],\n",
       "       [0.64687948, 0.65623233, 0.97376241],\n",
       "       [0.20960366, 0.18226161, 0.24384752],\n",
       "       [0.27432032, 0.12620018, 0.04063388],\n",
       "       [0.56090528, 0.31659126, 0.42437535],\n",
       "       [0.36733073, 0.43293559, 0.38666924],\n",
       "       [0.12100578, 0.65922635, 0.28876107],\n",
       "       [0.15053003, 0.01770988, 0.83576419],\n",
       "       [0.14639693, 0.54944656, 0.69224327],\n",
       "       [0.69755376, 0.39614674, 0.3414475 ],\n",
       "       [0.29420535, 0.2551917 , 0.7070977 ],\n",
       "       [0.57968372, 0.49160927, 0.15659525],\n",
       "       [0.8418666 , 0.43984434, 0.29743081],\n",
       "       [0.69121645, 0.82787479, 0.14675527],\n",
       "       [0.51063042, 0.09264648, 0.00512613],\n",
       "       [0.48249631, 0.08126247, 0.76779057],\n",
       "       [0.5959022 , 0.11492255, 0.06505254],\n",
       "       [0.85854588, 0.8256268 , 0.33359652],\n",
       "       [0.7564208 , 0.67668395, 0.11155357],\n",
       "       [0.81497689, 0.54326901, 0.77648   ],\n",
       "       [0.98981588, 0.5724975 , 0.24472888],\n",
       "       [0.89207399, 0.26138415, 0.47216447],\n",
       "       [0.85808327, 0.73317065, 0.49200158],\n",
       "       [0.44959822, 0.68914501, 0.62614705],\n",
       "       [0.96592258, 0.35479702, 0.68436802],\n",
       "       [0.59140667, 0.91381103, 0.34819986],\n",
       "       [0.10003956, 0.01734563, 0.88531147],\n",
       "       [0.8178062 , 0.8377894 , 0.91781612],\n",
       "       [0.72736263, 0.02903532, 0.38069747],\n",
       "       [0.11531124, 0.61138162, 0.36356952],\n",
       "       [0.11729301, 0.32691647, 0.65627203],\n",
       "       [0.26641172, 0.97953056, 0.83227555],\n",
       "       [0.578372  , 0.09287517, 0.40055554],\n",
       "       [0.89622794, 0.99200023, 0.32042513],\n",
       "       [0.34583283, 0.73505117, 0.52811535],\n",
       "       [0.18552232, 0.15663867, 0.30256714]])"
      ]
     },
     "execution_count": 39,
     "metadata": {},
     "output_type": "execute_result"
    }
   ],
   "source": [
    "theta(φ,θ,ψ)"
   ]
  },
  {
   "cell_type": "code",
   "execution_count": 40,
   "id": "3ee4c992",
   "metadata": {},
   "outputs": [],
   "source": [
    "def ω(φ,θ,ψ): \n",
    "    return np.einsum('ijk,ik->ij', Π(φ,θ,ψ), theta(φ,θ,ψ))"
   ]
  },
  {
   "cell_type": "code",
   "execution_count": 41,
   "id": "abe1ef1f",
   "metadata": {},
   "outputs": [
    {
     "data": {
      "text/plain": [
       "array([[ 0.59607235,  0.77677238, -0.21632685],\n",
       "       [ 0.58322001, -0.05813449,  0.26874572],\n",
       "       [ 0.71947309,  0.28277684, -0.1800859 ],\n",
       "       [ 0.12952453,  0.03208148,  0.75433639],\n",
       "       [ 1.05670163, -0.05613737, -0.17700152],\n",
       "       [ 0.61614601,  0.61997748,  0.09481072],\n",
       "       [ 0.6000032 ,  0.42505788, -0.22910043],\n",
       "       [ 0.7634238 ,  0.59848739, -0.52518563],\n",
       "       [ 0.67625637,  0.13708443, -0.00180197],\n",
       "       [ 0.61409927,  0.76218847,  0.59375926],\n",
       "       [ 0.31596559,  0.15766445,  0.00824671],\n",
       "       [ 0.22874183,  0.76366491,  0.08012326],\n",
       "       [ 1.00128282, -0.36855552,  0.29967754],\n",
       "       [ 0.75759557, -0.58481919,  0.65875092],\n",
       "       [ 0.68672003,  0.48324645, -0.35839504],\n",
       "       [ 0.32315568,  0.17131833,  0.41136754],\n",
       "       [ 0.64980499,  0.22481569,  0.5925935 ],\n",
       "       [ 0.17558038,  0.67085662,  0.07353203],\n",
       "       [ 0.15683206,  0.93711912,  0.0868311 ],\n",
       "       [ 0.23203274,  0.4790517 ,  0.15245826],\n",
       "       [ 0.75841697,  0.05317202, -0.03560331],\n",
       "       [ 0.2029626 ,  0.69118631,  0.12840472],\n",
       "       [ 0.75279854,  0.40674886, -0.31841967],\n",
       "       [ 0.97643739, -0.12382181,  0.29191012],\n",
       "       [ 0.94345951,  0.20258165,  0.24316926],\n",
       "       [ 1.02451248, -0.12008757, -0.02870138],\n",
       "       [ 0.73583401,  0.407658  ,  0.29073252],\n",
       "       [ 0.12050692,  0.39993959,  0.10420127],\n",
       "       [ 0.15230058,  0.91845249,  0.02608419],\n",
       "       [ 0.22289061,  0.46525478,  0.08516204],\n",
       "       [ 0.5285101 ,  0.86759855, -0.58598981],\n",
       "       [ 0.67730179,  0.03951927,  0.11685726],\n",
       "       [ 1.02092387, -0.19762999,  0.23596393],\n",
       "       [ 0.09458611,  0.05064382,  0.81786059],\n",
       "       [ 0.05468038,  0.80816001, -0.00231139],\n",
       "       [ 0.55372243,  0.72503001, -0.13293861],\n",
       "       [ 1.04317756, -0.3528438 ,  0.16662585],\n",
       "       [ 0.35077765,  0.59447184,  0.09907065],\n",
       "       [ 0.61120438, -0.29664617,  0.54329797],\n",
       "       [ 0.84937782, -0.5316264 ,  0.51198392]])"
      ]
     },
     "execution_count": 41,
     "metadata": {},
     "output_type": "execute_result"
    }
   ],
   "source": [
    "ω(x,y,z)"
   ]
  },
  {
   "cell_type": "code",
   "execution_count": 42,
   "id": "c8607b4d",
   "metadata": {},
   "outputs": [],
   "source": [
    "def Ret(φ,θ,ψ):\n",
    "    \n",
    "    def Ret0(arr):\n",
    "        φ,θ,ψ=arr\n",
    "        Cφ=np.matrix([[1,0,0],\n",
    "                      [0,np.cos(φ),-np.sin(φ)],\n",
    "                      [0,np.sin(φ),np.cos(φ)]])\n",
    "\n",
    "        Cθ=np.matrix([[np.cos(θ),0,np.sin(θ)],\n",
    "                      [0,1,0],\n",
    "                      [-np.sin(θ),0,np.cos(θ)]])\n",
    "\n",
    "        Cψ=np.matrix([[np.cos(ψ),-np.sin(ψ),0],\n",
    "                      [np.sin(ψ),np.cos(ψ),0],\n",
    "                      [0,0,1]])\n",
    "\n",
    "\n",
    "        return np.array(np.dot(np.dot(Cθ,Cφ),Cψ) )\n",
    "    \n",
    "    arr=np.stack((φ,θ,ψ), axis=1)\n",
    "    return np.apply_along_axis(Ret0, 1, arr)"
   ]
  },
  {
   "cell_type": "code",
   "execution_count": 43,
   "id": "8daf84e3",
   "metadata": {},
   "outputs": [
    {
     "data": {
      "text/plain": [
       "array([[[ 7.84639220e-01,  3.72681605e-01,  4.95428820e-01],\n",
       "        [ 1.68538887e-01,  6.40811727e-01, -7.48969274e-01],\n",
       "        [-5.96603669e-01,  6.71169689e-01,  4.39994671e-01]],\n",
       "\n",
       "       [[ 5.53289644e-01, -3.05214601e-01,  7.75057815e-01],\n",
       "        [ 6.95318485e-01,  6.81591718e-01, -2.27958186e-01],\n",
       "        [-4.58696821e-01,  6.65038930e-01,  5.89338993e-01]],\n",
       "\n",
       "       [[ 7.10380173e-01,  7.00554359e-02,  7.00322958e-01],\n",
       "        [ 3.57670849e-02,  9.90154934e-01, -1.35328940e-01],\n",
       "        [-7.02908760e-01,  1.21183507e-01,  7.00880755e-01]],\n",
       "\n",
       "       [[ 8.45184784e-01, -5.19002882e-01,  1.27666318e-01],\n",
       "        [ 3.75157351e-01,  4.05945961e-01, -8.33345570e-01],\n",
       "        [ 3.80683127e-01,  7.52225953e-01,  5.37807096e-01]],\n",
       "\n",
       "       [[ 9.92503280e-01, -5.96330790e-02,  1.06682402e-01],\n",
       "        [ 6.50729584e-02,  9.96713036e-01, -4.82559198e-02],\n",
       "        [-1.03454092e-01,  5.48362982e-02,  9.93121458e-01]],\n",
       "\n",
       "       [[ 7.49536829e-01, -4.48500626e-01,  4.86869316e-01],\n",
       "        [ 6.59925271e-01,  4.48611443e-01, -6.02699270e-01],\n",
       "        [ 5.18958536e-02,  7.73042665e-01,  6.32227696e-01]],\n",
       "\n",
       "       [[ 9.63448109e-01, -2.00840745e-01,  1.77287157e-01],\n",
       "        [ 2.36153858e-01,  9.49177167e-01, -2.08072251e-01],\n",
       "        [-1.26487536e-01,  2.42333862e-01,  9.61912263e-01]],\n",
       "\n",
       "       [[ 9.92613516e-01, -6.23174546e-03,  1.21159287e-01],\n",
       "        [ 3.91037960e-02,  9.61814962e-01, -2.70892733e-01],\n",
       "        [-1.14844680e-01,  2.73629577e-01,  9.54954216e-01]],\n",
       "\n",
       "       [[ 9.34197858e-01, -2.40366516e-01,  2.63625303e-01],\n",
       "        [ 3.48660523e-01,  7.71661756e-01, -5.31952982e-01],\n",
       "        [-7.55658792e-02,  5.88865072e-01,  8.04691074e-01]],\n",
       "\n",
       "       [[ 8.97537206e-01, -2.02770279e-01,  3.91549713e-01],\n",
       "        [ 3.51948673e-01,  8.64384752e-01, -3.59125511e-01],\n",
       "        [-2.65629621e-01,  4.60133909e-01,  8.47182206e-01]],\n",
       "\n",
       "       [[ 7.78793345e-01, -1.54222172e-01,  6.08026683e-01],\n",
       "        [ 2.82682533e-01,  9.51587890e-01, -1.20710697e-01],\n",
       "        [-5.59974563e-01,  2.65887211e-01,  7.84686231e-01]],\n",
       "\n",
       "       [[ 6.72475836e-01, -7.39911951e-01,  1.75087010e-02],\n",
       "        [ 7.33420626e-01,  6.63027546e-01, -1.49962190e-01],\n",
       "        [ 9.93500657e-02,  1.13687192e-01,  9.88536690e-01]],\n",
       "\n",
       "       [[ 7.05131495e-01, -4.85678707e-01,  5.16629236e-01],\n",
       "        [ 6.31438226e-01,  7.61581498e-01, -1.45874562e-01],\n",
       "        [-3.22607100e-01,  4.29080197e-01,  8.43691202e-01]],\n",
       "\n",
       "       [[ 9.52292492e-01, -7.53681397e-02,  2.95734091e-01],\n",
       "        [ 2.56635394e-01,  7.22171357e-01, -6.42344772e-01],\n",
       "        [-1.65158359e-01,  6.87595939e-01,  7.07060493e-01]],\n",
       "\n",
       "       [[ 7.83182495e-01, -5.72941553e-01,  2.41584675e-01],\n",
       "        [ 6.21717301e-01,  7.27584720e-01, -2.89979436e-01],\n",
       "        [-9.63204944e-03,  3.77304191e-01,  9.26039293e-01]],\n",
       "\n",
       "       [[ 9.11112517e-01,  1.17916501e-01,  3.94929970e-01],\n",
       "        [ 1.30478421e-01,  8.26398859e-01, -5.47759351e-01],\n",
       "        [-3.90959542e-01,  5.50600240e-01,  7.37556786e-01]],\n",
       "\n",
       "       [[ 9.58166515e-01,  3.84827677e-02,  2.83612423e-01],\n",
       "        [ 1.95202171e-01,  6.36826225e-01, -7.45887707e-01],\n",
       "        [-2.09315652e-01,  7.70046386e-01,  6.02673645e-01]],\n",
       "\n",
       "       [[ 7.37825408e-01,  3.65535071e-01,  5.67448482e-01],\n",
       "        [ 1.12665266e-01,  7.62189149e-01, -6.37474893e-01],\n",
       "        [-6.65522505e-01,  5.34276907e-01,  5.21179413e-01]],\n",
       "\n",
       "       [[ 9.95930074e-01,  4.01093991e-02,  8.07125940e-02],\n",
       "        [ 4.47220595e-03,  8.72425116e-01, -4.88727343e-01],\n",
       "        [-9.00182543e-02,  4.87099223e-01,  8.68695034e-01]],\n",
       "\n",
       "       [[ 7.43232004e-01, -6.65158381e-01,  7.19063004e-02],\n",
       "        [ 6.15257436e-01,  6.37314488e-01, -4.63991950e-01],\n",
       "        [ 2.62801207e-01,  3.89094553e-01,  8.82916165e-01]],\n",
       "\n",
       "       [[ 9.95486218e-01, -3.54940665e-04,  9.49055571e-02],\n",
       "        [ 5.38022773e-02,  8.25891867e-01, -5.61255680e-01],\n",
       "        [-7.81825153e-02,  5.63828429e-01,  8.22183068e-01]],\n",
       "\n",
       "       [[ 8.22868921e-01,  3.03589585e-01,  4.80333324e-01],\n",
       "        [ 2.13996947e-01,  6.17509701e-01, -7.56893041e-01],\n",
       "        [-5.26395332e-01,  7.25613625e-01,  4.43162297e-01]],\n",
       "\n",
       "       [[ 8.22651939e-01,  3.40318653e-01,  4.55441547e-01],\n",
       "        [ 8.09644275e-02,  7.22776523e-01, -6.86322708e-01],\n",
       "        [-5.62750877e-01,  6.01479270e-01,  5.67039803e-01]],\n",
       "\n",
       "       [[ 8.74290734e-01, -3.31516613e-01,  3.54559512e-01],\n",
       "        [ 4.80649598e-01,  4.89299993e-01, -7.27709751e-01],\n",
       "        [ 6.77619054e-02,  8.06648779e-01,  5.87133777e-01]],\n",
       "\n",
       "       [[ 9.25226841e-01,  2.35694869e-01,  2.97326793e-01],\n",
       "        [ 1.32981166e-01,  5.32489906e-01, -8.35924942e-01],\n",
       "        [-3.55346736e-01,  8.12959057e-01,  4.61330975e-01]],\n",
       "\n",
       "       [[ 9.51819899e-01, -2.60228431e-01,  1.62234533e-01],\n",
       "        [ 2.85532419e-01,  5.59108997e-01, -7.78375467e-01],\n",
       "        [ 1.11848640e-01,  7.87196477e-01,  6.06474722e-01]],\n",
       "\n",
       "       [[ 8.94108530e-01,  9.52627322e-02,  4.37601358e-01],\n",
       "        [ 3.08891212e-01,  5.76330499e-01, -7.56590626e-01],\n",
       "        [-3.24277899e-01,  8.11645346e-01,  4.85876194e-01]],\n",
       "\n",
       "       [[ 7.87326182e-01, -2.28361951e-01,  5.72685168e-01],\n",
       "        [ 5.27788775e-01,  7.29766140e-01, -4.34603716e-01],\n",
       "        [-3.18679292e-01,  6.44431688e-01,  6.95090863e-01]],\n",
       "\n",
       "       [[ 9.07214851e-01, -3.71395296e-01,  1.97551886e-01],\n",
