{
 "cells": [
  {
   "cell_type": "markdown",
   "id": "19e5e030",
   "metadata": {},
   "source": [
    "### Model inspired by:"
   ]
  },
  {
   "cell_type": "markdown",
   "id": "35f0fe4f",
   "metadata": {},
   "source": [
    "- [1] Offshore Pipelaying Dynamics. Gullik Anthon Jensen\n",
    "- [2] A nonlinear PDE formulation for offshore vessel pipeline installation. Gullik A. Jensen et al\n",
    "- [3] Modeling and Control of Offshore Pipelay Operations Based on a Finite Strain Pipe Model. Gullik A. Jensen"
   ]
  },
  {
   "cell_type": "markdown",
   "id": "035b3ad2",
   "metadata": {},
   "source": [
    "### Implementation aspects:"
   ]
  },
  {
   "cell_type": "markdown",
   "id": "50d4d24c",
   "metadata": {},
   "source": [
    "- This implementation is more like pseudo steady-state finite difference method rather than fully dynamic FEM"
   ]
  },
  {
   "cell_type": "code",
   "execution_count": 1,
   "id": "ff0c7f8e",
   "metadata": {},
   "outputs": [],
   "source": [
    "import numpy as np\n",
    "import inspect\n",
    "import matplotlib.pyplot as plt\n",
    "import scipy\n",
    "from datetime import datetime\n",
    "from scipy.optimize import root\n",
    "from scipy.integrate import solve_ivp\n",
    "from scipy import interpolate"
   ]
  },
  {
   "cell_type": "code",
   "execution_count": 2,
   "id": "4f9b7a4e",
   "metadata": {},
   "outputs": [],
   "source": [
    "import sys"
   ]
  },
  {
   "cell_type": "code",
   "execution_count": 3,
   "id": "8dfe725c",
   "metadata": {},
   "outputs": [],
   "source": [
    "sys.path.insert(0, \"../../../miscellaneous/Ocean_Intella_1/PythonVehicleSimulator-master/src/python_vehicle_simulator\")\n",
    "sys.path.insert(0, \"../../../miscellaneous/Ocean_Intella_1/PythonVehicleSimulator-master/src\")"
   ]
  },
  {
   "cell_type": "code",
   "execution_count": 4,
   "id": "1236e5d7",
   "metadata": {},
   "outputs": [],
   "source": [
    "from python_vehicle_simulator.vehicles import *\n",
    "from python_vehicle_simulator.lib import *\n",
    "from python_vehicle_simulator.lib.gnc import ssa"
   ]
  },
  {
   "cell_type": "markdown",
   "id": "cbf59e93",
   "metadata": {},
   "source": [
    "### Modelling data:"
   ]
  },
  {
   "cell_type": "code",
   "execution_count": 5,
   "id": "71fb86df",
   "metadata": {},
   "outputs": [],
   "source": [
    "mp = 96       #  (submerged pipe weight) [kg/m]\n",
    "N = 20        # number of modelling nodes"
   ]
  },
  {
   "cell_type": "code",
   "execution_count": 6,
   "id": "078ebcd3",
   "metadata": {},
   "outputs": [],
   "source": [
    "mi = [mp for i in range(N)]"
   ]
  },
  {
   "cell_type": "code",
   "execution_count": 7,
   "id": "135037ff",
   "metadata": {},
   "outputs": [],
   "source": [
    "# Vessel:\n",
    "\n",
    "# L - the hull length\n",
    "# Xg - x-center of gravity\n",
    "\n",
    "L = 84.6 # [m]\n",
    "B = 12\n",
    "H = 13\n",
    "Xg = L/2 # [m]\n",
    "mn = 27_162_500  #  123_000_000 # mass of the vessel, [kg]"
   ]
  },
  {
   "cell_type": "code",
   "execution_count": 8,
   "id": "11343e19",
   "metadata": {},
   "outputs": [],
   "source": [
    "lx, ly, lz = L/2, B/2, H/2"
   ]
  },
  {
   "cell_type": "code",
   "execution_count": 9,
   "id": "35a61f23",
   "metadata": {},
   "outputs": [],
   "source": [
    "vessel_mass = mn/L # mass over length of the vessel"
   ]
  },
  {
   "cell_type": "code",
   "execution_count": 10,
   "id": "e059b9f5",
   "metadata": {},
   "outputs": [],
   "source": [
    "diag_Jrho0 = 1e2*np.array([1, 1, 2]) # [m^4] \n",
    "Jrho0 = np.diag(diag_Jrho0)"
   ]
  },
  {
   "cell_type": "code",
   "execution_count": 11,
   "id": "1e1faac7",
   "metadata": {},
   "outputs": [],
   "source": [
    "qw = 1025 # Water density [kg/m3]\n",
    "d0 = 0.761 # Outer diameter of pipe, [m]\n",
    "dI= 0.69 # Inner diameter of pipe, [m]"
   ]
  },
  {
   "cell_type": "code",
   "execution_count": 12,
   "id": "ab672d64",
   "metadata": {},
   "outputs": [],
   "source": [
    "Ar=np.pi*((d0/2)**2-(dI/2)**2)   "
   ]
  },
  {
   "cell_type": "code",
   "execution_count": 13,
   "id": "fcfa4c2b",
   "metadata": {},
   "outputs": [],
   "source": [
    "E = 210e9"
   ]
  },
  {
   "cell_type": "code",
   "execution_count": 14,
   "id": "3390bb01",
   "metadata": {},
   "outputs": [],
   "source": [
    "h = 100 # water depth"
   ]
  },
  {
   "cell_type": "code",
   "execution_count": 15,
   "id": "3b1c23d4",
   "metadata": {},
   "outputs": [],
   "source": [
    "# Fossen book p.181\n",
    "def vessel_inertia_moment(mn, Xg, L):\n",
    "    r = 0.25*L\n",
    "    Ir = mn*r**2\n",
    "    Iz=mn*Xg**2 + Ir\n",
    "    return Iz"
   ]
  },
  {
   "cell_type": "code",
   "execution_count": 16,
   "id": "3130de25",
   "metadata": {},
   "outputs": [],
   "source": [
    "vessel_inertia = vessel_inertia_moment(mn, Xg, L)"
   ]
  },
  {
   "cell_type": "code",
   "execution_count": 17,
   "id": "dad0a53f",
   "metadata": {},
   "outputs": [],
   "source": [
    "# Underwater current: \n",
    "dv1_curr = np.zeros(N)\n",
    "dv2_curr = np.zeros(N)\n",
    "dv3_curr = np.zeros(N)"
   ]
  },
  {
   "cell_type": "code",
   "execution_count": 18,
   "id": "f79fe3c2",
   "metadata": {},
   "outputs": [],
   "source": [
    "# Constants: "
   ]
  },
  {
   "cell_type": "code",
   "execution_count": 19,
   "id": "3d218c84",
   "metadata": {},
   "outputs": [],
   "source": [
    "diag_DT = 1.5*np.array([1, 1, 1])\n",
    "DT=np.diag(diag_DT)"
   ]
  },
  {
   "cell_type": "code",
   "execution_count": 20,
   "id": "ad017d72",
   "metadata": {},
   "outputs": [],
   "source": [
    "diag_CT = 1e9*np.array([1, 1, 1 ])  \n",
    "CT=np.diag(diag_CT)"
   ]
  },
  {
   "cell_type": "code",
   "execution_count": 21,
   "id": "0bd019e9",
   "metadata": {},
   "outputs": [],
   "source": [
    "diag_CR = 1e11*np.array([1, 1, 1])\n",
    "CR=np.diag(diag_CR)"
   ]
  },
  {
   "cell_type": "code",
   "execution_count": 22,
   "id": "823a132c",
   "metadata": {},
   "outputs": [],
   "source": [
    "diag_DR = 1.5*np.array([1, 1, 1])\n",
    "DR=np.diag(diag_DR)"
   ]
  },
  {
   "cell_type": "code",
   "execution_count": 23,
   "id": "b76bd52e",
   "metadata": {},
   "outputs": [],
   "source": [
    "# for testing:"
   ]
  },
  {
   "cell_type": "code",
   "execution_count": 24,
   "id": "10440652",
   "metadata": {},
   "outputs": [],
   "source": [
    "φ = np.random.rand(N)\n",
    "θ = np.random.rand(N)\n",
    "ψ = np.random.rand(N)"
   ]
  },
  {
   "cell_type": "code",
   "execution_count": 25,
   "id": "e241450c",
   "metadata": {},
   "outputs": [
    {
     "data": {
      "text/plain": [
       "array([0.64232837, 0.72654864, 0.11784964, 0.38476027, 0.25301588,\n",
       "       0.53212378, 0.59551052, 0.15876766, 0.63257123, 0.71436774,\n",
       "       0.23199529, 0.41495084, 0.21189376, 0.41628069, 0.66193285,\n",
       "       0.32060031, 0.42025741, 0.63857954, 0.72222368, 0.50957287])"
      ]
     },
     "execution_count": 25,
     "metadata": {},
     "output_type": "execute_result"
    }
   ],
   "source": [
    "φ"
   ]
  },
  {
   "cell_type": "code",
   "execution_count": 26,
   "id": "eaf2e063",
   "metadata": {},
   "outputs": [],
   "source": [
    "dφ = np.random.rand(N)\n",
    "dθ = np.random.rand(N)\n",
    "dψ = np.random.rand(N)"
   ]
  },
  {
   "cell_type": "code",
   "execution_count": 27,
   "id": "edb0578a",
   "metadata": {},
   "outputs": [],
   "source": [
    "ddφ = np.random.rand(N)\n",
    "ddθ = np.random.rand(N)\n",
    "ddψ = np.random.rand(N)"
   ]
  },
  {
   "cell_type": "code",
   "execution_count": 28,
   "id": "387efa0b",
   "metadata": {},
   "outputs": [],
   "source": [
    "x = np.random.rand(N)\n",
    "y = np.random.rand(N)\n",
    "z = np.random.rand(N)"
   ]
  },
  {
   "cell_type": "code",
   "execution_count": 29,
   "id": "79cb60e0",
   "metadata": {},
   "outputs": [],
   "source": [
    "dx = np.random.rand(N)\n",
    "dy = np.random.rand(N)\n",
    "dz = np.random.rand(N)"
   ]
  },
  {
   "cell_type": "markdown",
   "id": "58072ba2",
   "metadata": {},
   "source": [
    "### Main functions:"
   ]
  },
  {
   "cell_type": "code",
   "execution_count": 30,
   "id": "7845e5ab",
   "metadata": {},
   "outputs": [],
   "source": [
    "def Π0(φθψ):\n",
    "    φ0,θ0,ψ0=φθψ\n",
    "    return np.array([[np.cos(θ0),0,np.cos(φ0)*np.sin(θ0)],\n",
    "                  [0,1,-np.sin(φ0)],\n",
    "                  [-np.sin(θ0),0,np.cos(φ0)*np.cos(θ0)]])"
   ]
  },
  {
   "cell_type": "code",
   "execution_count": 31,
   "id": "f98c0e32",
   "metadata": {},
   "outputs": [],
   "source": [
    "def Π(φ,θ,ψ):\n",
    "    φθψ=np.stack((φ,θ,ψ), axis=1)\n",
    "    return np.apply_along_axis(Π0, 1, φθψ)"
   ]
  },
  {
   "cell_type": "code",
   "execution_count": 32,
   "id": "c8195598",
   "metadata": {},
   "outputs": [
    {
     "data": {
      "text/plain": [
       "array([[[ 0.55045966,  0.        ,  0.66847639],\n",
       "        [ 0.        ,  1.        , -0.5990614 ],\n",
       "        [-0.83486176,  0.        ,  0.44075475]],\n",
       "\n",
       "       [[ 0.78457886,  0.        ,  0.46345408],\n",
       "        [ 0.        ,  1.        , -0.6642938 ],\n",
       "        [-0.62002904,  0.        ,  0.58645039]],\n",
       "\n",
       "       [[ 0.9427733 ,  0.        ,  0.33112164],\n",
       "        [ 0.        ,  1.        , -0.11757704],\n",
       "        [-0.33343442,  0.        ,  0.936234  ]],\n",
       "\n",
       "       [[ 0.56360817,  0.        ,  0.76564903],\n",
       "        [ 0.        ,  1.        , -0.37533695],\n",
       "        [-0.82604227,  0.        ,  0.52240189]],\n",
       "\n",
       "       [[ 0.786573  ,  0.        ,  0.59783735],\n",
       "        [ 0.        ,  1.        , -0.25032495],\n",
       "        [-0.61749731,  0.        ,  0.76152999]],\n",
       "\n",
       "       [[ 0.87322231,  0.        ,  0.41994076],\n",
       "        [ 0.        ,  1.        , -0.50736461],\n",
       "        [-0.48732206,  0.        ,  0.75248316]],\n",
       "\n",
       "       [[ 0.69155817,  0.        ,  0.59798209],\n",
       "        [ 0.        ,  1.        , -0.56093147],\n",
       "        [-0.72232077,  0.        ,  0.5725149 ]],\n",
       "\n",
       "       [[ 0.95083887,  0.        ,  0.30579107],\n",
       "        [ 0.        ,  1.        , -0.15810149],\n",
       "        [-0.30968603,  0.        ,  0.93888005]],\n",
       "\n",
       "       [[ 0.93478028,  0.        ,  0.28649368],\n",
       "        [ 0.        ,  1.        , -0.59122043],\n",
       "        [-0.35522644,  0.        ,  0.75390966]],\n",
       "\n",
       "       [[ 0.69897701,  0.        ,  0.54029684],\n",
       "        [ 0.        ,  1.        , -0.65513987],\n",
       "        [-0.71514414,  0.        ,  0.52808245]],\n",
       "\n",
       "       [[ 0.81458787,  0.        ,  0.56450065],\n",
       "        [ 0.        ,  1.        , -0.22991982],\n",
       "        [-0.58004017,  0.        ,  0.79276472]],\n",
       "\n",
       "       [[ 0.93896155,  0.        ,  0.31482706],\n",
       "        [ 0.        ,  1.        , -0.40314495],\n",
       "        [-0.34402211,  0.        ,  0.85927765]],\n",
       "\n",
       "       [[ 0.72885173,  0.        ,  0.66935847],\n",
       "        [ 0.        ,  1.        , -0.21031168],\n",
       "        [-0.68467156,  0.        ,  0.71255052]],\n",
       "\n",
       "       [[ 0.56058744,  0.        ,  0.75737525],\n",
       "        [ 0.        ,  1.        , -0.40436158],\n",
       "        [-0.82809524,  0.        ,  0.51271283]],\n",
       "\n",
       "       [[ 0.89853307,  0.        ,  0.34621141],\n",
       "        [ 0.        ,  1.        , -0.61464264],\n",
       "        [-0.43890583,  0.        ,  0.708768  ]],\n",
       "\n",
       "       [[ 0.92311808,  0.        ,  0.36492409],\n",
       "        [ 0.        ,  1.        , -0.31513634],\n",
       "        [-0.38451659,  0.        ,  0.8760819 ]],\n",
       "\n",
       "       [[ 0.96984834,  0.        ,  0.22250263],\n",
       "        [ 0.        ,  1.        , -0.40799548],\n",
       "        [-0.24370925,  0.        ,  0.88545597]],\n",
       "\n",
       "       [[ 0.99875863,  0.        ,  0.0399959 ],\n",
       "        [ 0.        ,  1.        , -0.5960555 ],\n",
       "        [-0.04981162,  0.        ,  0.80194649]],\n",
       "\n",
       "       [[ 0.99798551,  0.        ,  0.04760307],\n",
       "        [ 0.        ,  1.        , -0.66105482],\n",
       "        [-0.0634422 ,  0.        ,  0.74882607]],\n",
       "\n",
       "       [[ 0.85675859,  0.        ,  0.45019725],\n",
       "        [ 0.        ,  1.        , -0.48780443],\n",
       "        [-0.51571767,  0.        ,  0.74790994]]])"
      ]
     },
     "execution_count": 32,
     "metadata": {},
     "output_type": "execute_result"
    }
   ],
   "source": [
    "Π(φ,θ,ψ)"
   ]
  },
  {
   "cell_type": "code",
   "execution_count": null,
   "id": "3dee3c6a",
   "metadata": {},
   "outputs": [],
   "source": []
  },
  {
   "cell_type": "code",
   "execution_count": 33,
   "id": "164efc11",
   "metadata": {},
   "outputs": [],
   "source": [
    "def w_e(φ,θ,ψ,dφ,dθ,dψ): \n",
    "    return np.einsum('ijk,ik->ij', Π(φ,θ,ψ), np.stack((dφ,dθ,dψ), axis=1))"
   ]
  },
  {
   "cell_type": "code",
   "execution_count": 34,
   "id": "679909b2",
   "metadata": {},
   "outputs": [
    {
     "data": {
      "text/plain": [
       "array([[ 0.49057927,  0.58181986, -0.03390166],\n",
       "       [ 0.1396928 ,  0.44415997, -0.08457269],\n",
       "       [ 0.2803446 ,  0.7573569 ,  0.57466689],\n",
       "       [ 0.63875163,  0.06130079, -0.76080417],\n",
       "       [ 1.30234141, -0.13713698,  0.18443686],\n",
       "       [ 0.98525762, -0.05673665,  0.40791926],\n",
       "       [ 0.34855321,  0.60531124, -0.26568958],\n",
       "       [ 0.56752504,  0.03192418,  0.53636749],\n",
       "       [ 0.83792588,  0.52439762,  0.13436869],\n",
       "       [ 1.09500941, -0.33622463, -0.08034623],\n",
       "       [ 1.08399353,  0.74378756,  0.28750024],\n",
       "       [ 0.68088625,  0.09050698,  0.50148257],\n",
       "       [ 0.63364098,  0.60469323,  0.08599973],\n",
       "       [ 0.92649682,  0.15709766, -0.10691319],\n",
       "       [ 0.66161277,  0.72771209, -0.07741941],\n",
       "       [ 0.24083368,  0.20686905,  0.39232985],\n",
       "       [ 0.72139814,  0.53930595,  0.21783242],\n",
       "       [ 0.30345491, -0.19519844,  0.68851205],\n",
       "       [ 0.75862376, -0.37946098,  0.53055104],\n",
       "       [ 0.58380742, -0.00368965,  0.49784708]])"
      ]
     },
     "execution_count": 34,
     "metadata": {},
     "output_type": "execute_result"
    }
   ],
   "source": [
    "w_e(φ,θ,ψ,dφ,dθ,dψ)"
   ]
  },
  {
   "cell_type": "code",
   "execution_count": null,
   "id": "c83d59e5",
   "metadata": {},
   "outputs": [],
   "source": []
  },
  {
   "cell_type": "code",
   "execution_count": 35,
   "id": "c3afc28b",
   "metadata": {},
   "outputs": [],
   "source": [
    "def dw_e(φ,θ,ψ,dφ,dθ,dψ,ddφ,ddθ,ddψ):\n",
    "    return (np.einsum('ijk,ik->ij', Π(φ,θ,ψ), np.stack((ddφ,ddθ,ddψ), axis=1))+\n",
    "        np.einsum('ijk,ik->ij', Π(dφ,dθ,dψ), np.stack((dφ,dθ,dψ), axis=1)))"
   ]
  },
  {
   "cell_type": "code",
   "execution_count": 36,
   "id": "3568d8c6",
   "metadata": {},
   "outputs": [
    {
     "data": {
      "text/plain": [
       "array([[ 1.40873734,  1.30071046, -0.27596624],\n",
       "       [ 0.88157234,  0.82584611, -0.16262838],\n",
       "       [ 1.1028601 ,  1.58653234,  0.62904513],\n",
       "       [ 1.47845078,  0.60250068, -0.14614975],\n",
       "       [ 1.82473309, -0.75350933,  0.55913015],\n",
       "       [ 1.72101267,  0.36676486,  0.61823993],\n",
       "       [ 0.6380302 ,  0.50615786, -0.08483767],\n",
       "       [ 1.41541583,  0.51721365,  0.32606101],\n",
       "       [ 1.22634739,  0.77372183, -0.2289766 ],\n",
       "       [ 1.7328499 , -0.42763182,  0.04148062],\n",
       "       [ 2.06708724,  0.30716074, -0.1125276 ],\n",
       "       [ 1.00792607,  0.16151587,  1.04567264],\n",
       "       [ 1.24276288,  0.83739028,  0.25636808],\n",
       "       [ 1.86318801,  0.74762877, -0.14535788],\n",
       "       [ 1.081001  ,  1.03849472, -0.46099164],\n",
       "       [ 0.9569439 ,  1.20391371,  0.23749085],\n",
       "       [ 1.32270412,  0.96173811, -0.21256751],\n",
       "       [ 1.12887462,  0.97053278,  0.81325865],\n",
       "       [ 0.92258459,  0.15729702,  0.49209354],\n",
       "       [ 1.45284387,  0.17741781,  0.4168687 ]])"
      ]
     },
     "execution_count": 36,
     "metadata": {},
     "output_type": "execute_result"
    }
   ],
   "source": [
    "dw_e(φ,θ,ψ,dφ,dθ,dψ,ddφ,ddθ,ddψ)"
   ]
  },
  {
   "cell_type": "code",
   "execution_count": null,
   "id": "15511374",
   "metadata": {},
   "outputs": [],
   "source": []
  },
  {
   "cell_type": "code",
   "execution_count": 37,
   "id": "9f658f7c",
   "metadata": {},
   "outputs": [],
   "source": [
    "def phi(x,y,z): return np.stack((x,y,z), axis=1) \n",
    "def theta(φ,θ,ψ): return np.stack((φ,θ,ψ), axis=1) "
   ]
  },
  {
   "cell_type": "code",
   "execution_count": 38,
   "id": "1da7b351",
   "metadata": {},
   "outputs": [
    {
     "data": {
      "text/plain": [
       "array([[0.46522148, 0.36308405, 0.81841006],\n",
       "       [0.98432932, 0.6360321 , 0.86109397],\n",
       "       [0.93386994, 0.12137483, 0.06789743],\n",
       "       [0.33748393, 0.29101559, 0.77134144],\n",
       "       [0.10596814, 0.89433334, 0.29896019],\n",
       "       [0.55413529, 0.61315891, 0.02078638],\n",
       "       [0.6343162 , 0.32067547, 0.5567053 ],\n",
       "       [0.02925764, 0.4216321 , 0.44450761],\n",
       "       [0.84466113, 0.21031372, 0.66284879],\n",
       "       [0.17060862, 0.09842421, 0.08885084],\n",
       "       [0.08878871, 0.57977079, 0.011262  ],\n",
       "       [0.59289563, 0.59601034, 0.70973078],\n",
       "       [0.0320952 , 0.93347537, 0.83673955],\n",
       "       [0.33485362, 0.8912584 , 0.78351113],\n",
       "       [0.38018802, 0.48665023, 0.30805244],\n",
       "       [0.79814641, 0.55678478, 0.90124623],\n",
       "       [0.56771404, 0.98694704, 0.26549102],\n",
       "       [0.1028336 , 0.88539112, 0.20600462],\n",
       "       [0.25223999, 0.44585736, 0.785365  ],\n",
       "       [0.04894023, 0.26993126, 0.01249612]])"
      ]
     },
     "execution_count": 38,
     "metadata": {},
     "output_type": "execute_result"
    }
   ],
   "source": [
    "phi(x,y,z)"
   ]
  },
  {
   "cell_type": "code",
   "execution_count": 39,
   "id": "51f79220",
   "metadata": {},
   "outputs": [
    {
     "data": {
      "text/plain": [
       "array([[0.64232837, 0.98788161, 0.18624918],\n",
       "       [0.72654864, 0.66877971, 0.21016101],\n",
       "       [0.11784964, 0.33994413, 0.03319467],\n",
       "       [0.38476027, 0.97204899, 0.65135151],\n",
       "       [0.25301588, 0.66555694, 0.14269504],\n",
       "       [0.53212378, 0.50902039, 0.16845174],\n",
       "       [0.59551052, 0.80715232, 0.28218688],\n",
       "       [0.15876766, 0.31486281, 0.42972   ],\n",
       "       [0.63257123, 0.36315629, 0.15893196],\n",
       "       [0.71436774, 0.7968303 , 0.98586662],\n",
       "       [0.23199529, 0.61877801, 0.3912213 ],\n",
       "       [0.41495084, 0.35119712, 0.29511626],\n",
       "       [0.21189376, 0.75415298, 0.17676996],\n",
       "       [0.41628069, 0.97570132, 0.5382916 ],\n",
       "       [0.66193285, 0.45438058, 0.40437256],\n",
       "       [0.32060031, 0.39468409, 0.08301991],\n",
       "       [0.42025741, 0.24618859, 0.80591198],\n",
       "       [0.63857954, 0.04983224, 0.46389499],\n",
       "       [0.72222368, 0.06348484, 0.07095787],\n",
       "       [0.50957287, 0.54184509, 0.46336659]])"
      ]
     },
     "execution_count": 39,
     "metadata": {},
     "output_type": "execute_result"
    }
   ],
   "source": [
    "theta(φ,θ,ψ)"
   ]
  },
  {
   "cell_type": "code",
   "execution_count": 40,
   "id": "3ee4c992",
   "metadata": {},
   "outputs": [],
   "source": [
    "def ω(φ,θ,ψ): \n",
    "    return np.einsum('ijk,ik->ij', Π(φ,θ,ψ), theta(φ,θ,ψ))"
   ]
  },
  {
   "cell_type": "code",
   "execution_count": 41,
   "id": "abe1ef1f",
   "metadata": {},
   "outputs": [
    {
     "data": {
      "text/plain": [
       "array([[ 6.94666132e-01, -4.07168664e-03,  5.18518735e-01],\n",
       "       [ 1.07492613e+00, -8.11740179e-02, -2.01336071e-01],\n",
       "       [ 9.31888707e-01,  6.67902181e-02, -7.29868240e-02],\n",
       "       [ 5.32126731e-01,  3.56136367e-02,  6.00394877e-01],\n",
       "       [ 2.98159204e-01,  8.62712340e-01,  1.03477732e-01],\n",
       "       [ 4.63362460e-01,  6.02220947e-01, -3.04423366e-01],\n",
       "       [ 7.43323825e-01, -9.24304934e-03,  2.25613157e-01],\n",
       "       [ 2.08532275e-01,  4.08628713e-01,  3.93431347e-01],\n",
       "       [ 9.17932126e-01, -2.85328912e-01,  2.54086465e-01],\n",
       "       [ 1.78387119e-01,  8.33389215e-02,  7.03721793e-02],\n",
       "       [ 8.04249708e-02,  5.78772165e-01, -3.92567716e-02],\n",
       "       [ 8.21076443e-01,  1.99437775e-01,  1.54294135e-01],\n",
       "       [ 6.91233277e-01,  9.06624655e-01,  4.71846128e-01],\n",
       "       [ 7.86047135e-01,  6.33772411e-01,  2.04566641e-01],\n",
       "       [ 4.69828960e-01,  3.72333486e-01,  7.50444518e-02],\n",
       "       [ 1.01004788e+00, -8.85647116e-02,  1.12293283e-01],\n",
       "       [ 4.99710108e-01,  8.44190900e-01, -3.50278750e-01],\n",
       "       [ 2.23730892e-01,  8.64244235e-01,  5.00994161e-02],\n",
       "       [ 5.55538452e-01,  2.49850912e-01,  5.77392151e-01],\n",
       "       [ 5.04963533e-02,  2.69319942e-01, -1.02145198e-03]])"
      ]
     },
     "execution_count": 41,
     "metadata": {},
     "output_type": "execute_result"
    }
   ],
   "source": [
    "ω(x,y,z)"
   ]
  },
  {
   "cell_type": "code",
   "execution_count": 42,
   "id": "c8607b4d",
   "metadata": {},
   "outputs": [],
   "source": [
    "def Ret(φ,θ,ψ):\n",
    "    \n",
    "    def Ret0(arr):\n",
    "        φ,θ,ψ=arr\n",
    "        Cφ=np.matrix([[1,0,0],\n",
    "                      [0,np.cos(φ),-np.sin(φ)],\n",
    "                      [0,np.sin(φ),np.cos(φ)]])\n",
    "\n",
    "        Cθ=np.matrix([[np.cos(θ),0,np.sin(θ)],\n",
    "                      [0,1,0],\n",
    "                      [-np.sin(θ),0,np.cos(θ)]])\n",
    "\n",
    "        Cψ=np.matrix([[np.cos(ψ),-np.sin(ψ),0],\n",
    "                      [np.sin(ψ),np.cos(ψ),0],\n",
    "                      [0,0,1]])\n",
    "\n",
    "\n",
    "        return np.array(np.dot(np.dot(Cθ,Cφ),Cψ) )\n",
    "    \n",
    "    arr=np.stack((φ,θ,ψ), axis=1)\n",
    "    return np.apply_along_axis(Ret0, 1, arr)"
   ]
  },
  {
   "cell_type": "code",
   "execution_count": 43,
   "id": "8daf84e3",
   "metadata": {},
   "outputs": [
    {
     "data": {
      "text/plain": [
       "array([[[ 6.33551688e-01,  3.89553039e-01,  6.68476393e-01],\n",
       "        [ 1.48269601e-01,  7.86855492e-01, -5.99061400e-01],\n",
       "        [-7.59360510e-01,  4.78651089e-01,  4.40754752e-01]],\n",
       "\n",
       "       [[ 8.53241663e-01,  2.39142180e-01,  4.63454078e-01],\n",
       "        [ 1.55935552e-01,  7.31025205e-01, -6.64293801e-01],\n",
       "        [-4.97657280e-01,  6.39072115e-01,  5.86450394e-01]],\n",
       "\n",
       "       [[ 9.43555062e-01,  7.89333501e-03,  3.31121638e-01],\n",
       "        [ 3.29583673e-02,  9.92516693e-01, -1.17577037e-01],\n",
       "        [-3.29571828e-01,  1.21853637e-01,  9.36233999e-01]],\n",
       "\n",
       "       [[ 6.36185870e-01, -9.51267485e-02,  7.65649032e-01],\n",
       "        [ 5.61937025e-01,  7.37122078e-01, -3.75336945e-01],\n",
       "        [-5.28672222e-01,  6.69030600e-01,  5.22401893e-01]],\n",
       "\n",
       "       [[ 8.00560830e-01,  4.11443813e-02,  5.97837350e-01],\n",
       "        [ 1.37683541e-01,  9.58321794e-01, -2.50324954e-01],\n",
       "        [-5.83220027e-01,  2.82712716e-01,  7.61529986e-01]],\n",
       "\n",
       "       [[ 9.02315300e-01,  9.73491350e-02,  4.19940765e-01],\n",
       "        [ 1.44474634e-01,  8.49534124e-01, -5.07364615e-01],\n",
       "        [-4.06145516e-01,  5.18473643e-01,  7.52483157e-01]],\n",
       "\n",
       "       [[ 7.77029191e-01,  1.96578378e-01,  5.97982089e-01],\n",
       "        [ 2.30523788e-01,  7.95119281e-01, -5.60931468e-01],\n",
       "        [-5.85734087e-01,  5.73709221e-01,  5.72514899e-01]],\n",
       "\n",
       "       [[ 8.84789214e-01, -3.51624615e-01,  3.05791067e-01],\n",
       "        [ 4.11376435e-01,  8.97648788e-01, -1.58101491e-01],\n",
       "        [-2.18900605e-01,  2.65681733e-01,  9.38880047e-01]],\n",
       "\n",
       "       [[ 9.56237225e-01,  5.94284565e-02,  2.86493678e-01],\n",
       "        [ 1.27641270e-01,  7.96345471e-01, -5.91220430e-01],\n",
       "        [-2.63283261e-01,  6.01915400e-01,  7.53909660e-01]],\n",
       "\n",
       "       [[ 7.76562211e-01, -3.24084020e-01,  5.40296845e-01],\n",
       "        [ 6.29905152e-01,  4.17146561e-01, -6.55139867e-01],\n",
       "        [-1.30626092e-02,  8.49092630e-01,  5.28082450e-01]],\n",
       "\n",
       "       [[ 8.03894480e-01, -1.87330410e-01,  5.64500649e-01],\n",
       "        [ 3.71102060e-01,  8.99677797e-01, -2.29919818e-01],\n",
       "        [-4.64797726e-01,  3.94318627e-01,  7.92764716e-01]],\n",
       "\n",
       "       [[ 9.38707040e-01, -1.40403043e-01,  3.14827062e-01],\n",
       "        [ 2.66168338e-01,  8.75573279e-01, -4.03144947e-01],\n",
       "        [-2.19051386e-01,  4.62231996e-01,  8.59277646e-01]],\n",
       "\n",
       "       [[ 7.42815449e-01,  1.35813841e-02,  6.69358465e-01],\n",
       "        [ 1.71917781e-01,  9.62399747e-01, -2.10311681e-01],\n",
       "        [-6.47046741e-01,  2.71297388e-01,  7.12550519e-01]],\n",
       "\n",
       "       [[ 6.52979874e-01,  1.01039904e-04,  7.57375253e-01],\n",
       "        [ 4.68887513e-01,  7.85261877e-01, -4.04361578e-01],\n",
       "        [-5.94778769e-01,  6.19163771e-01,  5.12712825e-01]],\n",
       "\n",
       "       [[ 9.32204816e-01, -1.05507530e-01,  3.46211414e-01],\n",
       "        [ 3.10349288e-01,  7.25188071e-01, -6.14642644e-01],\n",
       "        [-1.86218960e-01,  6.80419299e-01,  7.08767999e-01]],\n",
       "\n",
       "       [[ 9.29987101e-01,  4.42086295e-02,  3.64924088e-01],\n",
       "        [ 7.86992680e-02,  9.45777729e-01, -3.15136339e-01],\n",
       "        [-3.59068821e-01,  3.21791989e-01,  8.76081901e-01]],\n",
       "\n",
       "       [[ 7.43311587e-01, -6.30856928e-01,  2.22502629e-01],\n",
       "        [ 6.58683635e-01,  6.32198988e-01, -4.07995476e-01],\n",
       "        [ 1.16720835e-01,  4.49826606e-01,  8.85455968e-01]],\n",
       "\n",
       "       [[ 9.06490915e-01, -4.20326717e-01,  3.99959048e-02],\n",
       "        [ 3.59264784e-01,  7.18085412e-01, -5.96055497e-01],\n",
       "        [ 2.21817574e-01,  5.54688013e-01,  8.01946489e-01]],\n",
       "\n",
       "       [[ 9.98447520e-01, -2.89222795e-02,  4.76030689e-02],\n",
       "        [ 5.31976897e-02,  7.48449420e-01, -6.61054817e-01],\n",
       "        [-1.65092771e-02,  6.62560916e-01,  7.48826066e-01]],\n",
       "\n",
       "       [[ 8.78857827e-01, -1.57896650e-01,  4.50197255e-01],\n",
       "        [ 3.90176995e-01,  7.80902526e-01, -4.87804426e-01],\n",
       "        [-2.74537489e-01,  6.04367350e-01,  7.47909937e-01]]])"
      ]
     },
     "execution_count": 43,
     "metadata": {},
     "output_type": "execute_result"
    }
   ],
   "source": [
    "Ret(φ,θ,ψ)"
   ]
  },
  {
   "cell_type": "code",
   "execution_count": null,
   "id": "a5cb56c9",
   "metadata": {},
   "outputs": [],
   "source": []
  },
  {
   "cell_type": "code",
   "execution_count": 44,
   "id": "20939c71",
   "metadata": {},
   "outputs": [],
   "source": [
    "def d_s(func, a, b, c, φ, θ, ψ): \n",
    "    \n",
    "    sig = inspect.signature(func)\n",
    "    num_args = len(sig.parameters)\n",
    "    \n",
    "    if num_args==3:\n",
    "        fu = func(a, b, c)\n",
    "    else:\n",
    "        fu = func(a, b, c, φ, θ, ψ)\n",
    "\n",
    "    def S(arr):\n",
    "        a1, a2, a3 = arr[0],arr[1],arr[2]\n",
    "        return np.array([[0, -a3, a2 ],\n",
    "                         [a3, 0, -a1],\n",
    "                        [-a2, a1, 0]])\n",
    "    \n",
    "    S0 = np.apply_along_axis(S, 1, ω(φ,θ,ψ))\n",
    "    \n",
    "    return np.einsum('ijk,ik->ij',S0, fu).T"
   ]
  },
  {
   "cell_type": "code",
   "execution_count": 45,
   "id": "7f9a2480",
   "metadata": {},
   "outputs": [
    {
     "data": {
      "text/plain": [
       "array([[ 0.88207852,  0.66379622,  0.02381369,  0.55467687,  0.23083963,\n",
       "         0.09008361,  0.4473578 , -0.0396196 ,  0.2004928 ,  0.01245307,\n",
       "        -0.09584041,  0.09875692,  0.61777048,  0.65518746,  0.06531587,\n",
       "         0.36027069, -0.62513609, -0.34791524,  0.00975789, -0.01866321],\n",
       "       [-0.6025521 , -0.89682827, -0.01596382, -0.5443688 , -0.09004243,\n",
       "        -0.08458445, -0.49358115, -0.11514867, -0.51072686, -0.0900307 ,\n",
       "         0.01097406, -0.27675554, -0.22884408, -0.52528501, -0.22783704,\n",
       "        -0.33437113,  0.19115727, -0.10022418, -0.56687408, -0.00396307],\n",
       "       [-0.23409392, -0.0963687 , -0.29899927, -0.03730478,  0.1875377 ,\n",
       "         0.09358039, -0.22540999,  0.1118306 , -0.09343852,  0.0758192 ,\n",
       "         0.1906507 ,  0.14991124,  0.23160475,  0.31751021,  0.27931814,\n",
       "        -0.11248425,  0.62614711,  0.60442805,  0.3186845 ,  0.15870027]])"
      ]
     },
     "execution_count": 45,
     "metadata": {},
     "output_type": "execute_result"
    }
   ],
   "source": [
    "d_s(phi,x,y,z,φ, θ, ψ)"
   ]
  },
  {
   "cell_type": "code",
   "execution_count": 46,
   "id": "c06a9ba1",
   "metadata": {},
   "outputs": [
    {
     "data": {
      "text/plain": [
       "array([[ 6.11872880e-01,  3.30057411e-01,  1.39481477e-02,\n",
       "         4.52093757e-01,  1.21535182e-01,  1.38823409e-01,\n",
       "         3.99896942e-01, -5.44398835e-03,  8.08731827e-02,\n",
       "         1.41052865e-01,  9.82440121e-02,  2.96078624e-02,\n",
       "         1.41159338e-01,  4.75105857e-01,  8.50155201e-02,\n",
       "         5.05434941e-02, -2.17049615e-01, -1.22106798e-01,\n",
       "         7.11892618e-04,  1.00951758e-01],\n",
       "       [-3.80765017e-01, -3.78018887e-01, -5.02135638e-03,\n",
       "        -4.57447893e-01, -5.26075927e-02, -1.60726982e-01,\n",
       "        -3.23780256e-01, -6.50893647e-02, -1.67563183e-01,\n",
       "        -1.01044172e+00, -1.19598660e-01, -9.64125868e-02,\n",
       "        -5.22674890e-02, -3.73683483e-01, -2.99714274e-01,\n",
       "        -4.32894607e-02, -2.16140066e-01, -8.72218535e-02,\n",
       "        -4.61003684e-02, -2.56276038e-01],\n",
       "       [-9.05913003e-02,  6.18982628e-02,  1.90381251e-03,\n",
       "         4.15618970e-01,  2.98750211e-02,  4.71474702e-02,\n",
       "         8.22049131e-02,  4.97034110e-02,  6.09919858e-02,\n",
       "         7.14485059e-01,  1.30905121e-01,  7.31034468e-02,\n",
       "         5.37811952e-02,  3.09917662e-01,  1.97614248e-01,\n",
       "         1.06167509e-02,  1.79210546e-01,  1.77456895e-01,\n",
       "         3.39994512e-02,  1.88661931e-01]])"
      ]
     },
     "execution_count": 46,
     "metadata": {},
     "output_type": "execute_result"
    }
   ],
   "source": [
    "d_s(theta, φ, θ, ψ, φ, θ, ψ)"
   ]
  },
  {
   "cell_type": "code",
   "execution_count": 47,
   "id": "107d5cb8",
   "metadata": {},
   "outputs": [],
   "source": [
    "def ne(x, y, z, φ, θ, ψ):\n",
    "    RET = Ret(φ,θ,ψ)\n",
    "    A = np.einsum('ijk,ikp->ijp',np.einsum('ijk,kp->ijp',RET, CT), np.transpose(RET,(0,2,1))) \n",
    "    B = d_s(phi, x, y, z, φ, θ, ψ).T\n",
    "    t0 = np.diff(phi(x,y,z),axis=0)\n",
    "    t1 = np.insert(t0, 0, [0,0,0], axis=0)\n",
    "    return np.einsum('ijk,ik->ij', A, B - t1 )"
   ]
  },
  {
   "cell_type": "code",
   "execution_count": 48,
   "id": "c89db7f9",
   "metadata": {},
   "outputs": [
    {
     "data": {
      "text/plain": [
       "array([[ 8.82078523e+08, -6.02552097e+08, -2.34093923e+08],\n",
       "       [ 1.44688384e+08, -1.16977632e+09, -1.39052613e+08],\n",
       "       [ 7.42730670e+07,  4.98693451e+08,  4.94197265e+08],\n",
       "       [ 1.15106288e+09, -7.14009563e+08, -7.40748794e+08],\n",
       "       [ 4.62355421e+08, -6.93360183e+08,  6.59918951e+08],\n",
       "       [-3.58083540e+08,  1.96589984e+08,  3.71754203e+08],\n",
       "       [ 3.67176890e+08, -2.01097714e+08, -7.61328912e+08],\n",
       "       [ 5.65438969e+08, -2.16105300e+08,  2.24028287e+08],\n",
       "       [-6.14910685e+08, -2.99408478e+08, -3.11779705e+08],\n",
       "       [ 6.86505577e+08,  2.18588026e+07,  6.49817142e+08],\n",
       "       [-1.40204936e+07, -4.70372522e+08,  2.68239546e+08],\n",
       "       [-4.05350000e+08, -2.92995092e+08, -5.48557545e+08],\n",
       "       [ 1.17857091e+09, -5.66309112e+08,  1.04595976e+08],\n",
       "       [ 3.52429035e+08, -4.83068044e+08,  3.70738626e+08],\n",
       "       [ 1.99814698e+07,  1.76771131e+08,  7.54776829e+08],\n",
       "       [-5.76876996e+07, -4.04505677e+08, -7.05678037e+08],\n",
       "       [-3.94703717e+08, -2.39004993e+08,  1.26190232e+09],\n",
       "       [ 1.16965203e+08,  1.33174371e+06,  6.63914445e+08],\n",
       "       [-1.39648508e+08, -1.27340325e+08, -2.60675875e+08],\n",
       "       [ 1.84636555e+08,  1.71963029e+08,  9.31569153e+08]])"
      ]
     },
     "execution_count": 48,
     "metadata": {},
     "output_type": "execute_result"
    }
   ],
   "source": [
    "ne(x, y, z, φ, θ, ψ)"
   ]
  },
  {
   "cell_type": "code",
   "execution_count": 49,
   "id": "8cbdfb86",
   "metadata": {},
   "outputs": [
    {
     "data": {
      "text/plain": [
       "array([[-4.78796306e+08, -4.56371150e+08,  1.70168480e+08,\n",
       "        -5.22926929e+08,  3.82658058e+08,  1.83517641e+08,\n",
       "        -5.48013067e+08,  1.31881221e+08, -1.15332413e+08,\n",
       "         9.78767844e+07,  2.24440649e+08, -9.49134259e+07,\n",
       "         6.41649351e+07,  2.47831776e+08,  1.56053130e+08,\n",
       "        -2.80502826e+08,  4.18166350e+07, -1.50945823e+08,\n",
       "        -3.38985482e+06,  2.79797725e+08],\n",
       "       [-2.88693958e+08,  4.54618317e+07, -6.09503000e+07,\n",
       "         5.55879431e+08, -2.09625000e+08, -1.51570948e+08,\n",
       "         3.43385613e+08,  1.37069708e+08,  2.63051645e+08,\n",
       "        -6.63914408e+08, -1.12393050e+08,  2.19770596e+08,\n",
       "        -5.10641659e+07, -2.61884984e+08, -5.54663395e+08,\n",
       "         2.33141744e+08, -9.81849475e+08, -3.95961328e+08,\n",
       "         1.87745926e+08, -5.85571293e+08],\n",
       "       [-1.06103903e+09, -8.57314186e+08,  3.59301473e+07,\n",
       "        -1.34839910e+09, -4.88347327e+08,  2.56922386e+08,\n",
       "        -3.55000042e+08, -2.00641141e+08, -2.51483961e+07,\n",
       "        -8.10698595e+07, -1.85356091e+08, -4.72485507e+07,\n",
       "        -9.99474670e+08, -5.76825196e+08,  1.25772680e+08,\n",
       "        -1.10709972e+08, -1.72883227e+08,  2.73871550e+07,\n",
       "        -8.98979972e+07,  5.26377726e+07]])"
      ]
     },
     "execution_count": 49,
     "metadata": {},
     "output_type": "execute_result"
    }
   ],
   "source": [
    "d_s(ne, x, y, z, φ, θ, ψ)"
   ]
  },
  {
   "cell_type": "code",
   "execution_count": null,
   "id": "ec63e4a8",
   "metadata": {},
   "outputs": [],
   "source": []
  },
  {
   "cell_type": "code",
   "execution_count": 50,
   "id": "d054f533",
   "metadata": {},
   "outputs": [],
   "source": [
    "def me(a, b, c, φ, θ, ψ):\n",
    "    RET = Ret(φ,θ,ψ)\n",
    "    A = np.einsum('ijk,ikp->ijp',np.einsum('ijk,kp->ijp', RET, CR), np.transpose(RET,(0,2,1))) \n",
    "    return np.einsum('ijk,ik->ij', A, ω(φ,θ,ψ))"
   ]
  },
  {
   "cell_type": "code",
   "execution_count": 51,
   "id": "94365598",
   "metadata": {},
   "outputs": [
    {
     "data": {
      "text/plain": [
       "array([[ 4.78079042e+10,  8.76306909e+10, -4.54165185e+10],\n",
       "       [ 6.67434680e+10,  5.29171058e+10, -3.27232246e+10],\n",
       "       [ 1.22096967e+10,  3.36041197e+10, -8.21715068e+08],\n",
       "       [ 7.15560685e+10,  7.27572700e+10,  2.24390143e+09],\n",
       "       [ 2.84323887e+10,  6.29836814e+10, -4.75700690e+09],\n",
       "       [ 5.35402114e+10,  4.23553937e+10, -1.32558561e+10],\n",
       "       [ 5.80572869e+10,  6.48864816e+10, -2.68593422e+10],\n",
       "       [ 2.82367004e+10,  2.46923439e+10,  3.54287404e+10],\n",
       "       [ 6.36848111e+10,  2.69192472e+10, -1.04885686e+10],\n",
       "       [ 1.03198724e+11,  1.50949779e+10,  9.74295690e+08],\n",
       "       [ 4.09825230e+10,  5.28828474e+10,  1.75579854e+10],\n",
       "       [ 4.82533472e+10,  2.32222496e+10,  1.10834539e+10],\n",
       "       [ 2.72761604e+10,  7.16976194e+10, -1.91201050e+09],\n",
       "       [ 6.41050457e+10,  7.58036876e+10, -6.87310507e+09],\n",
       "       [ 7.34766952e+10,  2.05835959e+10, -3.91985721e+08],\n",
       "       [ 3.26247907e+10,  3.68521504e+10, -5.05439002e+09],\n",
       "       [ 5.86903485e+10, -8.26198557e+09,  6.11178958e+10],\n",
       "       [ 6.56340730e+10, -2.26674915e+10,  3.40210275e+10],\n",
       "       [ 7.24146585e+10,  1.65777946e+09,  7.31564244e+08],\n",
       "       [ 6.45187303e+10,  3.15812815e+10,  8.37607500e+09]])"
      ]
     },
     "execution_count": 51,
     "metadata": {},
     "output_type": "execute_result"
    }
   ],
   "source": [
    "me(φ, θ, ψ, φ, θ, ψ)"
   ]
  },
  {
   "cell_type": "code",
   "execution_count": 52,
   "id": "9cf06fd3",
   "metadata": {},
   "outputs": [
    {
     "data": {
      "text/plain": [
       "array([[ 7.62939453e-06, -3.81469727e-06, -1.19209290e-07,\n",
       "        -4.76837158e-07,  0.00000000e+00,  9.53674316e-07,\n",
       "        -3.81469727e-06,  1.90734863e-06,  4.76837158e-07,\n",
       "         5.06639481e-07,  0.00000000e+00, -9.53674316e-07,\n",
       "        -1.90734863e-06,  5.72204590e-06,  9.98377800e-07,\n",
       "         0.00000000e+00,  9.53674316e-07, -2.86102295e-06,\n",
       "         3.72529030e-09,  4.76837158e-07],\n",
       "       [-8.65685536e-06,  2.31860868e-06,  7.73162400e-08,\n",
       "         6.22630263e-07,  3.65289688e-07, -8.05061984e-08,\n",
       "        -1.77307692e-06, -6.30068227e-09, -4.72358163e-08,\n",
       "        -4.15698162e-06, -3.48501361e-07,  3.03762776e-07,\n",
       "         6.82751739e-07, -4.45769302e-06, -3.55535151e-06,\n",
       "        -1.52425891e-07,  2.40426677e-06,  1.09189693e-06,\n",
       "         1.44796502e-07, -2.46729946e-06],\n",
       "       [-1.52587891e-05,  0.00000000e+00,  9.53674316e-07,\n",
       "         0.00000000e+00,  3.81469727e-06,  3.81469727e-06,\n",
       "        -7.62939453e-06, -9.53674316e-07,  1.90734863e-06,\n",
       "         9.53674316e-06,  3.81469727e-06,  5.72204590e-06,\n",
       "         0.00000000e+00,  7.62939453e-06,  0.00000000e+00,\n",
       "        -1.90734863e-06, -9.53674316e-07,  5.72204590e-06,\n",
       "        -4.76837158e-07,  0.00000000e+00]])"
      ]
     },
